-1.000000 0.333333
-0.998000 0.355389
-0.996000 0.449904
-0.994000 0.428697
-0.992000 0.438537
-0.990000 0.440096
-0.988000 0.443914
-0.986000 0.447166
-0.984000 0.450609
-0.982000 0.454042
-0.980000 0.457519
-0.978000 0.461026
-0.976000 0.464566
-0.974000 0.468140
-0.972000 0.471747
-0.970000 0.475389
-0.968000 0.479066
-0.966000 0.482778
-0.964000 0.486525
-0.962000 0.490308
-0.960000 0.494127
-0.958000 0.497982
-0.956000 0.501875
-0.954000 0.505806
-0.952000 0.509774
-0.950000 0.513781
-0.948000 0.517826
-0.946000 0.521910
-0.944000 0.526035
-0.942000 0.530199
-0.940000 0.534404
-0.938000 0.538650
-0.936000 0.542938
-0.934000 0.547267
-0.932000 0.551639
-0.930000 0.556054
-0.928000 0.560513
-0.926000 0.565016
-0.924000 0.569563
-0.922000 0.574155
-0.920000 0.578792
-0.918000 0.583476
-0.916000 0.588206
-0.914000 0.592984
-0.912000 0.597809
-0.910000 0.602682
-0.908000 0.607605
-0.906000 0.612576
-0.904000 0.617598
-0.902000 0.622670
-0.900000 0.627794
-0.898000 0.632969
-0.896000 0.638197
-0.894000 0.643478
-0.892000 0.648812
-0.890000 0.654201
-0.888000 0.659645
-0.886000 0.665144
-0.884000 0.670700
-0.882000 0.676313
-0.880000 0.681983
-0.878000 0.687712
-0.876000 0.693500
-0.874000 0.699347
-0.872000 0.705256
-0.870000 0.711225
-0.868000 0.717256
-0.866000 0.723351
-0.864000 0.729508
-0.862000 0.735730
-0.860000 0.742017
-0.858000 0.748370
-0.856000 0.754790
-0.854000 0.761277
-0.852000 0.767833
-0.850000 0.774458
-0.848000 0.781153
-0.846000 0.787918
-0.844000 0.794756
-0.842000 0.801666
-0.840000 0.808650
-0.838000 0.815709
-0.836000 0.822843
-0.834000 0.830053
-0.832000 0.837341
-0.830000 0.844707
-0.828000 0.852152
-0.826000 0.859678
-0.824000 0.867285
-0.822000 0.874975
-0.820000 0.882747
-0.818000 0.890605
-0.816000 0.898548
-0.814000 0.906577
-0.812000 0.914695
-0.810000 0.922901
-0.808000 0.931197
-0.806000 0.939585
-0.804000 0.948064
-0.802000 0.956638
-0.800000 0.965306
-0.798000 0.974070
-0.796000 0.982931
-0.794000 0.991891
-0.792000 1.000950
-0.790000 1.010111
-0.788000 1.019374
-0.786000 1.028740
-0.784000 1.038212
-0.782000 1.047790
-0.780000 1.057476
-0.778000 1.067271
-0.776000 1.077176
-0.774000 1.087194
-0.772000 1.097326
-0.770000 1.107572
-0.768000 1.117936
-0.766000 1.128417
-0.764000 1.139018
-0.762000 1.149741
-0.760000 1.160586
-0.758000 1.171556
-0.756000 1.182653
-0.754000 1.193877
-0.752000 1.205231
-0.750000 1.216716
-0.748000 1.228335
-0.746000 1.240089
-0.744000 1.251979
-0.742000 1.264008
-0.740000 1.276178
-0.738000 1.288490
-0.736000 1.300947
-0.734000 1.313549
-0.732000 1.326301
-0.730000 1.339202
-0.728000 1.352256
-0.726000 1.365465
-0.724000 1.378830
-0.722000 1.392354
-0.720000 1.406038
-0.718000 1.419887
-0.716000 1.433900
-0.714000 1.448081
-0.712000 1.462433
-0.710000 1.476956
-0.708000 1.491655
-0.706000 1.506531
-0.704000 1.521586
-0.702000 1.536824
-0.700000 1.552246
-0.698000 1.567856
-0.696000 1.583656
-0.694000 1.599648
-0.692000 1.615836
-0.690000 1.632222
-0.688000 1.648809
-0.686000 1.665599
-0.684000 1.682596
-0.682000 1.699803
-0.680000 1.717222
-0.678000 1.734857
-0.676000 1.752711
-0.674000 1.770786
-0.672000 1.789086
-0.670000 1.807614
-0.668000 1.826373
-0.666000 1.845367
-0.664000 1.864600
-0.662000 1.884073
-0.660000 1.903792
-0.658000 1.923759
-0.656000 1.943978
-0.654000 1.964453
-0.652000 1.985187
-0.650000 2.006185
-0.648000 2.027449
-0.646000 2.048984
-0.644000 2.070794
-0.642000 2.092883
-0.640000 2.115255
-0.638000 2.137914
-0.636000 2.160863
-0.634000 2.184109
-0.632000 2.207654
-0.630000 2.231503
-0.628000 2.255661
-0.626000 2.280132
-0.624000 2.304921
-0.622000 2.330032
-0.620000 2.355471
-0.618000 2.381242
-0.616000 2.407350
-0.614000 2.433799
-0.612000 2.460596
-0.610000 2.487745
-0.608000 2.515251
-0.606000 2.543120
-0.604000 2.571358
-0.602000 2.599968
-0.600000 2.628958
-0.598000 2.658333
-0.596000 2.688099
-0.594000 2.718261
-0.592000 2.748825
-0.590000 2.779798
-0.588000 2.811185
-0.586000 2.842994
-0.584000 2.875229
-0.582000 2.907897
-0.580000 2.941006
-0.578000 2.974561
-0.576000 3.008570
-0.574000 3.043039
-0.572000 3.077975
-0.570000 3.113385
-0.568000 3.149276
-0.566000 3.185657
-0.564000 3.222533
-0.562000 3.259912
-0.560000 3.297803
-0.558000 3.336213
-0.556000 3.375149
-0.554000 3.414620
-0.552000 3.454633
-0.550000 3.495198
-0.548000 3.536322
-0.546000 3.578014
-0.544000 3.620282
-0.542000 3.663136
-0.540000 3.706583
-0.538000 3.750633
-0.536000 3.795296
-0.534000 3.840580
-0.532000 3.886495
-0.530000 3.933051
-0.528000 3.980256
-0.526000 4.028122
-0.524000 4.076657
-0.522000 4.125873
-0.520000 4.175778
-0.518000 4.226385
-0.516000 4.277703
-0.514000 4.329744
-0.512000 4.382517
-0.510000 4.436034
-0.508000 4.490307
-0.506000 4.545346
-0.504000 4.601164
-0.502000 4.657771
-0.500000 4.715180
-0.498000 4.773402
-0.496000 4.832450
-0.494000 4.892337
-0.492000 4.953074
-0.490000 5.014674
-0.488000 5.077151
-0.486000 5.140516
-0.484000 5.204784
-0.482000 5.269967
-0.480000 5.336080
-0.478000 5.403135
-0.476000 5.471146
-0.474000 5.540128
-0.472000 5.610094
-0.470000 5.681060
-0.468000 5.753038
-0.466000 5.826045
-0.464000 5.900094
-0.462000 5.975201
-0.460000 6.051381
-0.458000 6.128649
-0.456000 6.207020
-0.454000 6.286510
-0.452000 6.367135
-0.450000 6.448911
-0.448000 6.531853
-0.446000 6.615977
-0.444000 6.701301
-0.442000 6.787840
-0.440000 6.875610
-0.438000 6.964629
-0.436000 7.054913
-0.434000 7.146479
-0.432000 7.239344
-0.430000 7.333524
-0.428000 7.429038
-0.426000 7.525902
-0.424000 7.624132
-0.422000 7.723748
-0.420000 7.824765
-0.418000 7.927202
-0.416000 8.031075
-0.414000 8.136402
-0.412000 8.243201
-0.410000 8.351488
-0.408000 8.461281
-0.406000 8.572598
-0.404000 8.685455
-0.402000 8.799869
-0.400000 8.915857
-0.398000 9.033437
-0.396000 9.152625
-0.394000 9.273437
-0.392000 9.395890
-0.390000 9.519999
-0.388000 9.645781
-0.386000 9.773251
-0.384000 9.902425
-0.382000 10.033316
-0.380000 10.165940
-0.378000 10.300310
-0.376000 10.436441
-0.374000 10.574344
-0.372000 10.714033
-0.370000 10.855520
-0.368000 10.998816
-0.366000 11.143931
-0.364000 11.290876
-0.362000 11.439659
-0.360000 11.590289
-0.358000 11.742772
-0.356000 11.897116
-0.354000 12.053326
-0.352000 12.211405
-0.350000 12.371357
-0.348000 12.533184
-0.346000 12.696886
-0.344000 12.862462
-0.342000 13.029909
-0.340000 13.199223
-0.338000 13.370399
-0.336000 13.543429
-0.334000 13.718303
-0.332000 13.895009
-0.330000 14.073535
-0.328000 14.253864
-0.326000 14.435977
-0.324000 14.619855
-0.322000 14.805473
-0.320000 14.992805
-0.318000 15.181822
-0.316000 15.372491
-0.314000 15.564778
-0.312000 15.758642
-0.310000 15.954042
-0.308000 16.150932
-0.306000 16.349259
-0.304000 16.548971
-0.302000 16.750009
-0.300000 16.952308
-0.298000 17.155800
-0.296000 17.360413
-0.294000 17.566067
-0.292000 17.772678
-0.290000 17.980156
-0.288000 18.188406
-0.286000 18.397325
-0.284000 18.606804
-0.282000 18.816726
-0.280000 19.026970
-0.278000 19.237405
-0.276000 19.447891
-0.274000 19.658284
-0.272000 19.868426
-0.270000 20.078155
-0.268000 20.287297
-0.266000 20.495669
-0.264000 20.703078
-0.262000 20.909322
-0.260000 21.114186
-0.258000 21.317446
-0.256000 21.518863
-0.254000 21.718190
-0.252000 21.915165
-0.250000 22.109514
-0.248000 22.300949
-0.246000 22.489169
-0.244000 22.673858
-0.242000 22.854686
-0.240000 23.031307
-0.238000 23.203360
-0.236000 23.370468
-0.234000 23.532235
-0.232000 23.688251
-0.230000 23.838088
-0.228000 23.981297
-0.226000 24.117415
-0.224000 24.245957
-0.222000 24.366419
-0.220000 24.478278
-0.218000 24.580990
-0.216000 24.673991
-0.214000 24.756697
-0.212000 24.828501
-0.210000 24.888775
-0.208000 24.936870
-0.206000 24.972114
-0.204000 24.993812
-0.202000 25.001250
-0.200000 24.993687
-0.198000 24.970364
-0.196000 24.930495
-0.194000 24.873275
-0.192000 24.797876
-0.190000 24.703448
-0.188000 24.589118
-0.186000 24.453994
-0.184000 24.297163
-0.182000 24.117691
-0.180000 23.914624
-0.178000 23.686994
-0.176000 23.433811
-0.174000 23.154071
-0.172000 22.846755
-0.170000 22.510830
-0.168000 22.145254
-0.166000 21.748972
-0.164000 21.320923
-0.162000 20.860039
-0.160000 20.365249
-0.158000 19.835484
-0.156000 19.269673
-0.154000 18.666752
-0.152000 18.025667
-0.150000 17.345374
-0.148000 16.624844
-0.146000 15.863070
-0.144000 15.059066
-0.142000 14.211876
-0.140000 13.320576
-0.138000 12.384281
-0.136000 11.402147
-0.134000 10.373381
-0.132000 9.297241
-0.130000 8.173046
-0.128000 7.000181
-0.126000 5.778103
-0.124000 4.506347
-0.122000 3.184534
-0.120000 1.812374
-0.118000 0.389678
-0.116000 -1.083639
-0.114000 -2.607550
-0.112000 -4.181908
-0.110000 -5.806442
-0.108000 -7.480746
-0.106000 -9.204278
-0.104000 -10.976346
-0.102000 -12.796108
-0.100000 -14.662565
-0.098000 -16.574553
-0.096000 -18.530737
-0.094000 -20.529609
-0.092000 -22.569485
-0.090000 -24.648494
-0.088000 -26.764583
-0.086000 -28.915509
-0.084000 -31.098840
-0.082000 -33.311951
-0.080000 -35.552030
-0.078000 -37.816072
-0.076000 -40.100883
-0.074000 -42.403088
-0.072000 -44.719126
-0.070000 -47.045262
-0.068000 -49.377591
-0.066000 -51.712047
-0.064000 -54.044407
-0.062000 -56.370307
-0.060000 -58.685249
-0.058000 -60.984615
-0.056000 -63.263681
-0.054000 -65.517629
-0.052000 -67.741566
-0.050000 -69.930540
-0.048000 -72.079555
-0.046000 -74.183594
-0.044000 -76.237636
-0.042000 -78.236677
-0.040000 -80.175750
-0.038000 -82.049948
-0.036000 -83.854444
-0.034000 -85.584512
-0.032000 -87.235555
-0.030000 -88.803117
-0.028000 -90.282914
-0.026000 -91.670848
-0.024000 -92.963034
-0.022000 -94.155813
-0.020000 -95.245777
-0.018000 -96.229782
-0.016000 -97.104971
-0.014000 -97.868780
-0.012000 -98.518962
-0.010000 -99.053591
-0.008000 -99.471080
-0.006000 -99.770181
-0.004000 -99.950001
-0.002000 -100.010001
0.000000 -99.950001
0.002000 -99.770181
0.004000 -99.471080
0.006000 -99.053591
0.008000 -98.518962
0.010000 -97.868780
0.012000 -97.104971
0.014000 -96.229782
0.016000 -95.245777
0.018000 -94.155813
0.020000 -92.963034
0.022000 -91.670848
0.024000 -90.282914
0.026000 -88.803117
0.028000 -87.235555
0.030000 -85.584512
0.032000 -83.854444
0.034000 -82.049948
0.036000 -80.175750
0.038000 -78.236677
0.040000 -76.237636
0.042000 -74.183594
0.044000 -72.079555
0.046000 -69.930540
0.048000 -67.741566
0.050000 -65.517629
0.052000 -63.263681
0.054000 -60.984615
0.056000 -58.685249
0.058000 -56.370307
0.060000 -54.044407
0.062000 -51.712047
0.064000 -49.377591
0.066000 -47.045262
0.068000 -44.719126
0.070000 -42.403088
0.072000 -40.100883
0.074000 -37.816072
0.076000 -35.552030
0.078000 -33.311951
0.080000 -31.098840
0.082000 -28.915509
0.084000 -26.764583
0.086000 -24.648494
0.088000 -22.569485
0.090000 -20.529609
0.092000 -18.530737
0.094000 -16.574553
0.096000 -14.662565
0.098000 -12.796108
0.100000 -10.976346
0.102000 -9.204278
0.104000 -7.480746
0.106000 -5.806442
0.108000 -4.181908
0.110000 -2.607550
0.112000 -1.083639
0.114000 0.389678
0.116000 1.812374
0.118000 3.184534
0.120000 4.506347
0.122000 5.778103
0.124000 7.000181
0.126000 8.173046
0.128000 9.297241
0.130000 10.373381
0.132000 11.402147
0.134000 12.384281
0.136000 13.320576
0.138000 14.211876
0.140000 15.059066
0.142000 15.863070
0.144000 16.624844
0.146000 17.345374
0.148000 18.025667
0.150000 18.666752
0.152000 19.269673
0.154000 19.835484
0.156000 20.365249
0.158000 20.860039
0.160000 21.320923
0.162000 21.748972
0.164000 22.145254
0.166000 22.510830
0.168000 22.846755
0.170000 23.154071
0.172000 23.433811
0.174000 23.686994
0.176000 23.914624
0.178000 24.117691
0.180000 24.297163
0.182000 24.453994
0.184000 24.589118
0.186000 24.703448
0.188000 24.797876
0.190000 24.873275
0.192000 24.930495
0.194000 24.970364
0.196000 24.993687
0.198000 25.001250
0.200000 24.993812
0.202000 24.972114
0.204000 24.936870
0.206000 24.888775
0.208000 24.828501
0.210000 24.756697
0.212000 24.673991
0.214000 24.580990
0.216000 24.478278
0.218000 24.366419
0.220000 24.245957
0.222000 24.117415
0.224000 23.981297
0.226000 23.838088
0.228000 23.688251
0.230000 23.532235
0.232000 23.370468
0.234000 23.203360
0.236000 23.031307
0.238000 22.854686
0.240000 22.673858
0.242000 22.489169
0.244000 22.300949
0.246000 22.109514
0.248000 21.915165
0.250000 21.718190
0.252000 21.518863
0.254000 21.317446
0.256000 21.114186
0.258000 20.909322
0.260000 20.703078
0.262000 20.495669
0.264000 20.287297
0.266000 20.078155
0.268000 19.868426
0.270000 19.658284
0.272000 19.447891
0.274000 19.237405
0.276000 19.026970
0.278000 18.816726
0.280000 18.606804
0.282000 18.397325
0.284000 18.188406
0.286000 17.980156
0.288000 17.772678
0.290000 17.566067
0.292000 17.360413
0.294000 17.155800
0.296000 16.952308
0.298000 16.750009
0.300000 16.548971
0.302000 16.349259
0.304000 16.150932
0.306000 15.954042
0.308000 15.758642
0.310000 15.564778
0.312000 15.372491
0.314000 15.181822
0.316000 14.992805
0.318000 14.805473
0.320000 14.619855
0.322000 14.435977
0.324000 14.253864
0.326000 14.073535
0.328000 13.895009
0.330000 13.718303
0.332000 13.543429
0.334000 13.370399
0.336000 13.199223
0.338000 13.029909
0.340000 12.862462
0.342000 12.696886
0.344000 12.533184
0.346000 12.371357
0.348000 12.211405
0.350000 12.053326
0.352000 11.897116
0.354000 11.742772
0.356000 11.590289
0.358000 11.439659
0.360000 11.290876
0.362000 11.143931
0.364000 10.998816
0.366000 10.855520
0.368000 10.714033
0.370000 10.574344
0.372000 10.436441
0.374000 10.300310
0.376000 10.165940
0.378000 10.033316
0.380000 9.902425
0.382000 9.773251
0.384000 9.645781
0.386000 9.519999
0.388000 9.395890
0.390000 9.273437
0.392000 9.152625
0.394000 9.033437
0.396000 8.915857
0.398000 8.799869
0.400000 8.685455
0.402000 8.572598
0.404000 8.461281
0.406000 8.351488
0.408000 8.243201
0.410000 8.136402
0.412000 8.031075
0.414000 7.927202
0.416000 7.824765
0.418000 7.723748
0.420000 7.624132
0.422000 7.525902
0.424000 7.429038
0.426000 7.333524
0.428000 7.239344
0.430000 7.146479
0.432000 7.054913
0.434000 6.964629
0.436000 6.875610
0.438000 6.787840
0.440000 6.701301
0.442000 6.615977
0.444000 6.531853
0.446000 6.448911
0.448000 6.367135
0.450000 6.286510
0.452000 6.207020
0.454000 6.128649
0.456000 6.051381
0.458000 5.975201
0.460000 5.900094
0.462000 5.826045
0.464000 5.753038
0.466000 5.681060
0.468000 5.610094
0.470000 5.540128
0.472000 5.471146
0.474000 5.403135
0.476000 5.336080
0.478000 5.269967
0.480000 5.204784
0.482000 5.140516
0.484000 5.077151
0.486000 5.014674
0.488000 4.953074
0.490000 4.892337
0.492000 4.832450
0.494000 4.773402
0.496000 4.715180
0.498000 4.657771
0.500000 4.601164
0.502000 4.545346
0.504000 4.490307
0.506000 4.436034
0.508000 4.382517
0.510000 4.329744
0.512000 4.277703
0.514000 4.226385
0.516000 4.175778
0.518000 4.125873
0.520000 4.076657
0.522000 4.028122
0.524000 3.980256
0.526000 3.933051
0.528000 3.886495
0.530000 3.840580
0.532000 3.795296
0.534000 3.750633
0.536000 3.706583
0.538000 3.663136
0.540000 3.620282
0.542000 3.578014
0.544000 3.536322
0.546000 3.495198
0.548000 3.454633
0.550000 3.414620
0.552000 3.375149
0.554000 3.336213
0.556000 3.297803
0.558000 3.259912
0.560000 3.222533
0.562000 3.185657
0.564000 3.149276
0.566000 3.113385
0.568000 3.077975
0.570000 3.043039
0.572000 3.008570
0.574000 2.974561
0.576000 2.941006
0.578000 2.907897
0.580000 2.875229
0.582000 2.842994
0.584000 2.811185
0.586000 2.779798
0.588000 2.748825
0.590000 2.718261
0.592000 2.688099
0.594000 2.658333
0.596000 2.628958
0.598000 2.599968
0.600000 2.571358
0.602000 2.543120
0.604000 2.515251
0.606000 2.487745
0.608000 2.460596
0.610000 2.433799
0.612000 2.407350
0.614000 2.381242
0.616000 2.355471
0.618000 2.330032
0.620000 2.304921
0.622000 2.280132
0.624000 2.255661
0.626000 2.231503
0.628000 2.207654
0.630000 2.184109
0.632000 2.160863
0.634000 2.137914
0.636000 2.115255
0.638000 2.092883
0.640000 2.070794
0.642000 2.048984
0.644000 2.027449
0.646000 2.006185
0.648000 1.985187
0.650000 1.964453
0.652000 1.943978
0.654000 1.923759
0.656000 1.903792
0.658000 1.884073
0.660000 1.864600
0.662000 1.845367
0.664000 1.826373
0.666000 1.807614
0.668000 1.789086
0.670000 1.770786
0.672000 1.752711
0.674000 1.734857
0.676000 1.717222
0.678000 1.699803
0.680000 1.682596
0.682000 1.665599
0.684000 1.648809
0.686000 1.632222
0.688000 1.615836
0.690000 1.599648
0.692000 1.583656
0.694000 1.567856
0.696000 1.552246
0.698000 1.536824
0.700000 1.521586
0.702000 1.506531
0.704000 1.491655
0.706000 1.476956
0.708000 1.462433
0.710000 1.448081
0.712000 1.433900
0.714000 1.419887
0.716000 1.406038
0.718000 1.392354
0.720000 1.378830
0.722000 1.365465
0.724000 1.352256
0.726000 1.339202
0.728000 1.326301
0.730000 1.313549
0.732000 1.300947
0.734000 1.288490
0.736000 1.276178
0.738000 1.264008
0.740000 1.251979
0.742000 1.240089
0.744000 1.228335
0.746000 1.216716
0.748000 1.205231
0.750000 1.193877
0.752000 1.182653
0.754000 1.171556
0.756000 1.160586
0.758000 1.149741
0.760000 1.139018
0.762000 1.128417
0.764000 1.117936
0.766000 1.107572
0.768000 1.097326
0.770000 1.087194
0.772000 1.077176
0.774000 1.067271
0.776000 1.057476
0.778000 1.047790
0.780000 1.038212
0.782000 1.028740
0.784000 1.019374
0.786000 1.010111
0.788000 1.000950
0.790000 0.991891
0.792000 0.982931
0.794000 0.974070
0.796000 0.965306
0.798000 0.956638
0.800000 0.948064
0.802000 0.939585
0.804000 0.931197
0.806000 0.922901
0.808000 0.914695
0.810000 0.906577
0.812000 0.898548
0.814000 0.890605
0.816000 0.882747
0.818000 0.874975
0.820000 0.867285
0.822000 0.859678
0.824000 0.852152
0.826000 0.844707
0.828000 0.837341
0.830000 0.830053
0.832000 0.822843
0.834000 0.815709
0.836000 0.808650
0.838000 0.801666
0.840000 0.794756
0.842000 0.787918
0.844000 0.781153
0.846000 0.774458
0.848000 0.767833
0.850000 0.761277
0.852000 0.754790
0.854000 0.748370
0.856000 0.742017
0.858000 0.735730
0.860000 0.729508
0.862000 0.723351
0.864000 0.717256
0.866000 0.711225
0.868000 0.705256
0.870000 0.699347
0.872000 0.693500
0.874000 0.687712
0.876000 0.681983
0.878000 0.676313
0.880000 0.670700
0.882000 0.665144
0.884000 0.659645
0.886000 0.654201
0.888000 0.648812
0.890000 0.643478
0.892000 0.638197
0.894000 0.632969
0.896000 0.627794
0.898000 0.622670
0.900000 0.617598
0.902000 0.612576
0.904000 0.607605
0.906000 0.602682
0.908000 0.597809
0.910000 0.592984
0.912000 0.588206
0.914000 0.583476
0.916000 0.578792
0.918000 0.574155
0.920000 0.569563
0.922000 0.565016
0.924000 0.560513
0.926000 0.556054
0.928000 0.551639
0.930000 0.547267
0.932000 0.542938
0.934000 0.538650
0.936000 0.534404
0.938000 0.530199
0.940000 0.526035
0.942000 0.521910
0.944000 0.517826
0.946000 0.513781
0.948000 0.509774
0.950000 0.505806
0.952000 0.501875
0.954000 0.497982
0.956000 0.494127
0.958000 0.490308
0.960000 0.486525
0.962000 0.482778
0.964000 0.479066
0.966000 0.475389
0.968000 0.471747
0.970000 0.468140
0.972000 0.464566
0.974000 0.461025
0.976000 0.457523
0.978000 0.454029
0.980000 0.450661
0.982000 0.446974
0.984000 0.444630
0.986000 0.437424
0.988000 0.448510
0.990000 0.391478
0.992000 0.588807
0.994000 -0.163007
0.996000 0.063222
0.998000 -0.089879
