0.0000000000000000, 1.0000000000000000, 1.0000000000000000
0.0010000000000000, 0.9995383828012985, 1.0000005000002499
0.0020000000000000, 0.9990777651409798, 1.0000020000009999
0.0030000000000000, 0.9986181465584265, 1.0000045000037503
0.0040000000000000, 0.9981595265940200, 1.0000080000110008
0.0050000000000000, 0.9977019047891402, 1.0000125000262512
0.0060000000000000, 0.9972452806861656, 1.0000180000540020
0.0070000000000000, 0.9967896538284716, 1.0000245000997532
0.0080000000000000, 0.9963350237604317, 1.0000320001700045
0.0090000000000000, 0.9958813900274158, 1.0000405002722561
0.0100000000000000, 0.9954287521757902, 1.0000500004150084
0.0110000000000000, 0.9949771097529168, 1.0000605006077612
0.0120000000000000, 0.9945264623071534, 1.0000720008610147
0.0130000000000000, 0.9940768093878523, 1.0000845011862693
0.0140000000000000, 0.9936281505453607, 1.0000980015960255
0.0150000000000000, 0.9931804853310199, 1.0001125021037833
0.0160000000000000, 0.9927338132971647, 1.0001280027240433
0.0170000000000000, 0.9922881339971230, 1.0001445034723064
0.0180000000000000, 0.9918434469852155, 1.0001620043650732
0.0190000000000000, 0.9913997518167552, 1.0001805054198443
0.0200000000000000, 0.9909570480480469, 1.0002000066551209
0.0210000000000000, 0.9905153352363867, 1.0002205080904043
0.0220000000000000, 0.9900746129400618, 1.0002420097461959
0.0230000000000000, 0.9896348807183499, 1.0002645116439977
0.0240000000000000, 0.9891961381315190, 1.0002880138063110
0.0250000000000000, 0.9887583847408262, 1.0003125162566382
0.0260000000000000, 0.9883216201085185, 1.0003380190194817
0.0270000000000000, 0.9878858437978312, 1.0003645221203443
0.0280000000000000, 0.9874510553729876, 1.0003920255857293
0.0290000000000000, 0.9870172543991996, 1.0004205294431399
0.0300000000000000, 0.9865844404426662, 1.0004500337210800
0.0310000000000000, 0.9861526130705736, 1.0004805384490540
0.0320000000000000, 0.9857217718510941, 1.0005120436575665
0.0330000000000000, 0.9852919163533865, 1.0005445493781229
0.0340000000000000, 0.9848630461475956, 1.0005780556432287
0.0350000000000000, 0.9844351608048507, 1.0006125624863904
0.0360000000000000, 0.9840082598972667, 1.0006480699421147
0.0370000000000000, 0.9835823429979428, 1.0006845780459093
0.0380000000000000, 0.9831574096809621, 1.0007220868342821
0.0390000000000000, 0.9827334595213911, 1.0007605963447419
0.0400000000000000, 0.9823104920952799, 1.0008001066157983
0.0410000000000000, 0.9818885069796609, 1.0008406176869615
0.0420000000000000, 0.9814675037525491, 1.0008821295987427
0.0430000000000000, 0.9810474819929412, 1.0009246423926534
0.0440000000000000, 0.9806284412808155, 1.0009681561112069
0.0450000000000000, 0.9802103811971312, 1.0010126707979168
0.0460000000000000, 0.9797933013238282, 1.0010581864972976
0.0470000000000000, 0.9793772012438268, 1.0011047032548650
0.0480000000000000, 0.9789620805410267, 1.0011522211171360
0.0490000000000000, 0.9785479388003075, 1.0012007401316281
0.0500000000000000, 0.9781347756075274, 1.0012502603468603
0.0510000000000000, 0.9777225905495229, 1.0013007818123529
0.0520000000000000, 0.9773113832141090, 1.0013523045786275
0.0530000000000000, 0.9769011531900784, 1.0014048286972066
0.0540000000000000, 0.9764919000672011, 1.0014583542206146
0.0550000000000000, 0.9760836234362240, 1.0015128812023770
0.0560000000000000, 0.9756763228888705, 1.0015684096970210
0.0570000000000000, 0.9752699980178399, 1.0016249397600749
0.0580000000000000, 0.9748646484168075, 1.0016824714480688
0.0590000000000000, 0.9744602736804238, 1.0017410048185342
0.0600000000000000, 0.9740568734043138, 1.0018005399300045
0.0610000000000000, 0.9736544471850772, 1.0018610768420146
0.0620000000000000, 0.9732529946202881, 1.0019226156151015
0.0630000000000000, 0.9728525153084939, 1.0019851563108040
0.0640000000000000, 0.9724530088492152, 1.0020486989916630
0.0650000000000000, 0.9720544748429453, 1.0021132437212212
0.0660000000000000, 0.9716569128911503, 1.0021787905640234
0.0670000000000000, 0.9712603225962683, 1.0022453395856161
0.0680000000000000, 0.9708647035617090, 1.0023128908525485
0.0690000000000000, 0.9704700553918535, 1.0023814444323718
0.0700000000000000, 0.9700763776920535, 1.0024510003936395
0.0710000000000000, 0.9696836700686312, 1.0025215588059078
0.0720000000000000, 0.9692919321288791, 1.0025931197397351
0.0730000000000000, 0.9689011634810593, 1.0026656832666825
0.0740000000000000, 0.9685113637344031, 1.0027392494593133
0.0750000000000000, 0.9681225324991107, 1.0028138183911934
0.0760000000000000, 0.9677346693863510, 1.0028893901368923
0.0770000000000000, 0.9673477740082608, 1.0029659647719813
0.0780000000000000, 0.9669618459779447, 1.0030435423730353
0.0790000000000000, 0.9665768849094748, 1.0031221230176317
0.0800000000000000, 0.9661928904178899, 1.0032017067843513
0.0810000000000000, 0.9658098621191956, 1.0032822937527779
0.0820000000000000, 0.9654277996303636, 1.0033638840034982
0.0830000000000000, 0.9650467025693314, 1.0034464776181025
0.0840000000000000, 0.9646665705550019, 1.0035300746791846
0.0850000000000000, 0.9642874032072432, 1.0036146752703419
0.0860000000000000, 0.9639092001468876, 1.0037002794761745
0.0870000000000000, 0.9635319609957322, 1.0037868873822868
0.0880000000000000, 0.9631556853765382, 1.0038744990752866
0.0890000000000000, 0.9627803729130295, 1.0039631146427854
0.0900000000000000, 0.9624060232298941, 1.0040527341733991
0.0910000000000000, 0.9620326359527819, 1.0041433577567471
0.0920000000000000, 0.9616602107083059, 1.0042349854834529
0.0930000000000000, 0.9612887471240409, 1.0043276174451445
0.0940000000000000, 0.9609182448285231, 1.0044212537344537
0.0950000000000000, 0.9605487034512502, 1.0045158944450165
0.0960000000000000, 0.9601801226226809, 1.0046115396714739
0.0970000000000000, 0.9598125019742345, 1.0047081895094709
0.0980000000000000, 0.9594458411382902, 1.0048058440556575
0.0990000000000000, 0.9590801397481872, 1.0049045034076884
0.1000000000000000, 0.9587153974382239, 1.0050041676642230
0.1010000000000000, 0.9583516138436582, 1.0051048369249254
0.1020000000000000, 0.9579887886007064, 1.0052065112904649
0.1030000000000000, 0.9576269213465431, 1.0053091908625158
0.1040000000000000, 0.9572660117193015, 1.0054128757437577
0.1050000000000000, 0.9569060593580715, 1.0055175660378757
0.1060000000000000, 0.9565470639029010, 1.0056232618495597
0.1070000000000000, 0.9561890249947945, 1.0057299632845058
0.1080000000000000, 0.9558319422757133, 1.0058376704494152
0.1090000000000000, 0.9554758153885744, 1.0059463834519951
0.1100000000000000, 0.9551206439772510, 1.0060561024009584
0.1110000000000000, 0.9547664276865718, 1.0061668274060243
0.1120000000000000, 0.9544131661623203, 1.0062785585779177
0.1130000000000000, 0.9540608590512352, 1.0063912960283699
0.1140000000000000, 0.9537095060010091, 1.0065050398701181
0.1150000000000000, 0.9533591066602893, 1.0066197902169065
0.1160000000000000, 0.9530096606786763, 1.0067355471834851
0.1170000000000000, 0.9526611677067242, 1.0068523108856111
0.1180000000000000, 0.9523136273959397, 1.0069700814400480
0.1190000000000000, 0.9519670393987828, 1.0070888589645663
0.1200000000000000, 0.9516214033686655, 1.0072086435779437
0.1210000000000000, 0.9512767189599516, 1.0073294353999647
0.1220000000000000, 0.9509329858279568, 1.0074512345514210
0.1230000000000000, 0.9505902036289482, 1.0075740411541123
0.1240000000000000, 0.9502483720201431, 1.0076978553308447
0.1250000000000000, 0.9499074906597100, 1.0078226772054324
0.1260000000000000, 0.9495675592067678, 1.0079485069026974
0.1270000000000000, 0.9492285773213849, 1.0080753445484694
0.1280000000000000, 0.9488905446645794, 1.0082031902695858
0.1290000000000000, 0.9485534608983187, 1.0083320441938926
0.1300000000000000, 0.9482173256855190, 1.0084619064502438
0.1310000000000000, 0.9478821386900453, 1.0085927771685015
0.1320000000000000, 0.9475478995767104, 1.0087246564795365
0.1330000000000000, 0.9472146080112751, 1.0088575445152281
0.1340000000000000, 0.9468822636604479, 1.0089914414084644
0.1350000000000000, 0.9465508661918843, 1.0091263472931422
0.1360000000000000, 0.9462204152741871, 1.0092622623041674
0.1370000000000000, 0.9458909105769053, 1.0093991865774552
0.1380000000000000, 0.9455623517705342, 1.0095371202499299
0.1390000000000000, 0.9452347385265149, 1.0096760634595252
0.1400000000000000, 0.9449080705172344, 1.0098160163451841
0.1410000000000000, 0.9445823474160245, 1.0099569790468597
0.1420000000000000, 0.9442575688971622, 1.0100989517055146
0.1430000000000000, 0.9439337346358689, 1.0102419344631215
0.1440000000000000, 0.9436108443083104, 1.0103859274626630
0.1450000000000000, 0.9432888975915964, 1.0105309308481323
0.1460000000000000, 0.9429678941637799, 1.0106769447645325
0.1470000000000000, 0.9426478337038577, 1.0108239693578775
0.1480000000000000, 0.9423287158917695, 1.0109720047751920
0.1490000000000000, 0.9420105404083973, 1.0111210511645112
0.1500000000000000, 0.9416933069355656, 1.0112711086748818
0.1510000000000000, 0.9413770151560411, 1.0114221774563610
0.1520000000000000, 0.9410616647535318, 1.0115742576600177
0.1530000000000000, 0.9407472554126874, 1.0117273494379322
0.1540000000000000, 0.9404337868190987, 1.0118814529431961
0.1550000000000000, 0.9401212586592970, 1.0120365683299133
0.1560000000000000, 0.9398096706207540, 1.0121926957531988
0.1570000000000000, 0.9394990223918819, 1.0123498353691802
0.1580000000000000, 0.9391893136620321, 1.0125079873349971
0.1590000000000000, 0.9388805441214960, 1.0126671518088017
0.1600000000000000, 0.9385727134615042, 1.0128273289497582
0.1610000000000000, 0.9382658213742259, 1.0129885189180439
0.1620000000000000, 0.9379598675527692, 1.0131507218748483
0.1630000000000000, 0.9376548516911801, 1.0133139379823748
0.1640000000000000, 0.9373507734844428, 1.0134781674038393
0.1650000000000000, 0.9370476326284792, 1.0136434103034715
0.1660000000000000, 0.9367454288201484, 1.0138096668465142
0.1670000000000000, 0.9364441617572467, 1.0139769371992238
0.1680000000000000, 0.9361438311385070, 1.0141452215288709
0.1690000000000000, 0.9358444366635985, 1.0143145200037396
0.1700000000000000, 0.9355459780331270, 1.0144848327931282
0.1710000000000000, 0.9352484549486335, 1.0146561600673498
0.1720000000000000, 0.9349518671125950, 1.0148285019977319
0.1730000000000000, 0.9346562142284239, 1.0150018587566161
0.1740000000000000, 0.9343614960004671, 1.0151762305173593
0.1750000000000000, 0.9340677121340065, 1.0153516174543331
0.1760000000000000, 0.9337748623352581, 1.0155280197429244
0.1770000000000000, 0.9334829463113723, 1.0157054375595356
0.1780000000000000, 0.9331919637704330, 1.0158838710815843
0.1790000000000000, 0.9329019144214574, 1.0160633204875043
0.1800000000000000, 0.9326127979743964, 1.0162437859567448
0.1810000000000000, 0.9323246141401337, 1.0164252676697714
0.1820000000000000, 0.9320373626304850, 1.0166077658080659
0.1830000000000000, 0.9317510431581991, 1.0167912805541264
0.1840000000000000, 0.9314656554369565, 1.0169758120914674
0.1850000000000000, 0.9311811991813695, 1.0171613606046208
0.1860000000000000, 0.9308976741069820, 1.0173479262791352
0.1870000000000000, 0.9306150799302686, 1.0175355093015759
0.1880000000000000, 0.9303334163686353, 1.0177241098595262
0.1890000000000000, 0.9300526831404184, 1.0179137281415864
0.1900000000000000, 0.9297728799648849, 1.0181043643373751
0.1910000000000000, 0.9294940065622315, 1.0182960186375281
0.1920000000000000, 0.9292160626535847, 1.0184886912336997
0.1930000000000000, 0.9289390479610007, 1.0186823823185625
0.1940000000000000, 0.9286629622074649, 1.0188770920858077
0.1950000000000000, 0.9283878051168915, 1.0190728207301449
0.1960000000000000, 0.9281135764141233, 1.0192695684473030
0.1970000000000000, 0.9278402758249317, 1.0194673354340298
0.1980000000000000, 0.9275679030760161, 1.0196661218880920
0.1990000000000000, 0.9272964578950038, 1.0198659280082765
0.2000000000000000, 0.9270259400104494, 1.0200667539943891
0.2010000000000000, 0.9267563491518351, 1.0202686000472558
0.2020000000000000, 0.9264876850495701, 1.0204714663687229
0.2030000000000000, 0.9262199474349905, 1.0206753531616564
0.2040000000000000, 0.9259531360403584, 1.0208802606299430
0.2050000000000000, 0.9256872505988626, 1.0210861889784904
0.2060000000000000, 0.9254222908446175, 1.0212931384132267
0.2070000000000000, 0.9251582565126633, 1.0215011091411015
0.2080000000000000, 0.9248951473389657, 1.0217101013700858
0.2090000000000000, 0.9246329630604156, 1.0219201153091715
0.2100000000000000, 0.9243717034148288, 1.0221311511683728
0.2110000000000000, 0.9241113681409454, 1.0223432091587255
0.2120000000000000, 0.9238519569784304, 1.0225562894922873
0.2130000000000000, 0.9235934696678724, 1.0227703923821385
0.2140000000000000, 0.9233359059507843, 1.0229855180423821
0.2150000000000000, 0.9230792655696023, 1.0232016666881438
0.2160000000000000, 0.9228235482676860, 1.0234188385355725
0.2170000000000000, 0.9225687537893182, 1.0236370338018397
0.2180000000000000, 0.9223148818797045, 1.0238562527051407
0.2190000000000000, 0.9220619322849727, 1.0240764954646944
0.2200000000000000, 0.9218099047521733, 1.0242977623007437
0.2210000000000000, 0.9215587990292788, 1.0245200534345555
0.2220000000000000, 0.9213086148651836, 1.0247433690884211
0.2230000000000000, 0.9210593520097031, 1.0249677094856560
0.2240000000000000, 0.9208110102135749, 1.0251930748506006
0.2250000000000000, 0.9205635892284569, 1.0254194654086202
0.2260000000000000, 0.9203170888069284, 1.0256468813861050
0.2270000000000000, 0.9200715087024888, 1.0258753230104716
0.2280000000000000, 0.9198268486695582, 1.0261047905101615
0.2290000000000000, 0.9195831084634765, 1.0263352841146418
0.2300000000000000, 0.9193402878405033, 1.0265668040544065
0.2310000000000000, 0.9190983865578177, 1.0267993505609752
0.2320000000000000, 0.9188574043735188, 1.0270329238668947
0.2330000000000000, 0.9186173410466245, 1.0272675242057383
0.2340000000000000, 0.9183781963370714, 1.0275031518121063
0.2350000000000000, 0.9181399700057150, 1.0277398069216261
0.2360000000000000, 0.9179026618143287, 1.0279774897709530
0.2370000000000000, 0.9176662715256041, 1.0282162005977697
0.2380000000000000, 0.9174307989031512, 1.0284559396407871
0.2390000000000000, 0.9171962437114971, 1.0286967071397444
0.2400000000000000, 0.9169626057160869, 1.0289385033354090
0.2410000000000000, 0.9167298846832825, 1.0291813284695770
0.2420000000000000, 0.9164980803803631, 1.0294251827850736
0.2430000000000000, 0.9162671925755239, 1.0296700665257530
0.2440000000000000, 0.9160372210378775, 1.0299159799364990
0.2450000000000000, 0.9158081655374523, 1.0301629232632250
0.2460000000000000, 0.9155800258451927, 1.0304108967528745
0.2470000000000000, 0.9153528017329590, 1.0306599006534209
0.2480000000000000, 0.9151264929735270, 1.0309099352138684
0.2490000000000000, 0.9149010993405882, 1.0311610006842511
0.2500000000000000, 0.9146766206087488, 1.0314130973156348
0.2510000000000000, 0.9144530565535303, 1.0316662253601161
0.2520000000000000, 0.9142304069513685, 1.0319203850708227
0.2530000000000000, 0.9140086715796139, 1.0321755767019145
0.2540000000000000, 0.9137878502165310, 1.0324318005085833
0.2550000000000000, 0.9135679426412986, 1.0326890567470526
0.2560000000000000, 0.9133489486340091, 1.0329473456745788
0.2570000000000000, 0.9131308679756683, 1.0332066675494509
0.2580000000000000, 0.9129137004481958, 1.0334670226309908
0.2590000000000000, 0.9126974458344237, 1.0337284111795533
0.2600000000000000, 0.9124821039180976, 1.0339908334565271
0.2610000000000000, 0.9122676744838756, 1.0342542897243343
0.2620000000000000, 0.9120541573173283, 1.0345187802464313
0.2630000000000000, 0.9118415522049386, 1.0347843052873087
0.2640000000000000, 0.9116298589341011, 1.0350508651124914
0.2650000000000000, 0.9114190772931228, 1.0353184599885397
0.2660000000000000, 0.9112092070712220, 1.0355870901830482
0.2670000000000000, 0.9110002480585282, 1.0358567559646470
0.2680000000000000, 0.9107922000460825, 1.0361274576030017
0.2690000000000000, 0.9105850628258373, 1.0363991953688141
0.2700000000000000, 0.9103788361906550, 1.0366719695338218
0.2710000000000000, 0.9101735199343088, 1.0369457803707991
0.2720000000000000, 0.9099691138514828, 1.0372206281535568
0.2730000000000000, 0.9097656177377706, 1.0374965131569429
0.2740000000000000, 0.9095630313896765, 1.0377734356568422
0.2750000000000000, 0.9093613546046139, 1.0380513959301771
0.2760000000000000, 0.9091605871809060, 1.0383303942549080
0.2770000000000000, 0.9089607289177853, 1.0386104309100335
0.2780000000000000, 0.9087617796153938, 1.0388915061755899
0.2790000000000000, 0.9085637390747821, 1.0391736203326525
0.2800000000000000, 0.9083666070979094, 1.0394567736633356
0.2810000000000000, 0.9081703834876440, 1.0397409664507926
0.2820000000000000, 0.9079750680477622, 1.0400261989792163
0.2830000000000000, 0.9077806605829485, 1.0403124715338390
0.2840000000000000, 0.9075871608987955, 1.0405997844009334
0.2850000000000000, 0.9073945688018036, 1.0408881378678123
0.2860000000000000, 0.9072028840993804, 1.0411775322228292
0.2870000000000000, 0.9070121065998415, 1.0414679677553782
0.2880000000000000, 0.9068222361124095, 1.0417594447558951
0.2890000000000000, 0.9066332724472138, 1.0420519635158569
0.2900000000000000, 0.9064452154152906, 1.0423455243277826
0.2910000000000000, 0.9062580648285827, 1.0426401274852328
0.2920000000000000, 0.9060718204999398, 1.0429357732828106
0.2930000000000000, 0.9058864822431175, 1.0432324620161617
0.2940000000000000, 0.9057020498727776, 1.0435301939819750
0.2950000000000000, 0.9055185232044877, 1.0438289694779825
0.2960000000000000, 0.9053359020547209, 1.0441287888029596
0.2970000000000000, 0.9051541862408565, 1.0444296522567253
0.2980000000000000, 0.9049733755811785, 1.0447315601401437
0.2990000000000000, 0.9047934698948764, 1.0450345127551224
0.3000000000000000, 0.9046144690020442, 1.0453385104046138
0.3010000000000000, 0.9044363727236812, 1.0456435533926156
0.3020000000000000, 0.9042591808816911, 1.0459496420241710
0.3030000000000000, 0.9040828932988819, 1.0462567766053683
0.3040000000000000, 0.9039075097989663, 1.0465649574433424
0.3050000000000000, 0.9037330302065606, 1.0468741848462744
0.3060000000000000, 0.9035594543471851, 1.0471844591233914
0.3070000000000000, 0.9033867820472642, 1.0474957805849676
0.3080000000000000, 0.9032150131341254, 1.0478081495423246
0.3090000000000000, 0.9030441474359998, 1.0481215663078312
0.3100000000000000, 0.9028741847820217, 1.0484360311949041
0.3110000000000000, 0.9027051250022287, 1.0487515445180084
0.3120000000000000, 0.9025369679275607, 1.0490681065926575
0.3130000000000000, 0.9023697133898608, 1.0493857177354131
0.3140000000000000, 0.9022033612218744, 1.0497043782638866
0.3150000000000000, 0.9020379112572493, 1.0500240884967387
0.3160000000000000, 0.9018733633305356, 1.0503448487536793
0.3170000000000000, 0.9017097172771855, 1.0506666593554688
0.3180000000000000, 0.9015469729335528, 1.0509895206239177
0.3190000000000000, 0.9013851301368933, 1.0513134328818874
0.3200000000000000, 0.9012241887253640, 1.0516383964532903
0.3210000000000000, 0.9010641485380237, 1.0519644116630900
0.3220000000000000, 0.9009050094148320, 1.0522914788373017
0.3230000000000000, 0.9007467711966499, 1.0526195983029922
0.3240000000000000, 0.9005894337252390, 1.0529487703882814
0.3250000000000000, 0.9004329968432619, 1.0532789954223409
0.3260000000000000, 0.9002774603942818, 1.0536102737353961
0.3270000000000000, 0.9001228242227621, 1.0539426056587249
0.3280000000000000, 0.8999690881740668, 1.0542759915246593
0.3290000000000000, 0.8998162520944599, 1.0546104316665856
0.3300000000000000, 0.8996643158311052, 1.0549459264189438
0.3310000000000000, 0.8995132792320665, 1.0552824761172286
0.3320000000000000, 0.8993631421463072, 1.0556200810979894
0.3330000000000000, 0.8992139044236901, 1.0559587416988314
0.3340000000000000, 0.8990655659149774, 1.0562984582584152
0.3350000000000000, 0.8989181264718308, 1.0566392311164574
0.3360000000000000, 0.8987715859468108, 1.0569810606137309
0.3370000000000000, 0.8986259441933770, 1.0573239470920652
0.3380000000000000, 0.8984812010658876, 1.0576678908943467
0.3390000000000000, 0.8983373564195993, 1.0580128923645191
0.3400000000000000, 0.8981944101106675, 1.0583589518475840
0.3410000000000000, 0.8980523619961458, 1.0587060696896009
0.3420000000000000, 0.8979112119339863, 1.0590542462376877
0.3430000000000000, 0.8977709597830390, 1.0594034818400211
0.3440000000000000, 0.8976316054030514, 1.0597537768458363
0.3450000000000000, 0.8974931486546692, 1.0601051316054286
0.3460000000000000, 0.8973555893994358, 1.0604575464701527
0.3470000000000000, 0.8972189274997920, 1.0608110217924234
0.3480000000000000, 0.8970831628190759, 1.0611655579257162
0.3490000000000000, 0.8969482952215226, 1.0615211552245671
0.3500000000000000, 0.8968143245722647, 1.0618778140445735
0.3510000000000000, 0.8966812507373314, 1.0622355347423940
0.3520000000000000, 0.8965490735836490, 1.0625943176757495
0.3530000000000000, 0.8964177929790402, 1.0629541632034230
0.3540000000000000, 0.8962874087922247, 1.0633150716852597
0.3550000000000000, 0.8961579208928180, 1.0636770434821685
0.3560000000000000, 0.8960293291513325, 1.0640400789561211
0.3570000000000000, 0.8959016334391763, 1.0644041784701528
0.3580000000000000, 0.8957748336286538, 1.0647693423883631
0.3590000000000000, 0.8956489295929652, 1.0651355710759158
0.3600000000000000, 0.8955239212062064, 1.0655028648990399
0.3610000000000000, 0.8953998083433687, 1.0658712242250290
0.3620000000000000, 0.8952765908803397, 1.0662406494222423
0.3630000000000000, 0.8951542686939019, 1.0666111408601051
0.3640000000000000, 0.8950328416617327, 1.0669826989091091
0.3650000000000000, 0.8949123096624053, 1.0673553239408122
0.3660000000000000, 0.8947926725753879, 1.0677290163278395
0.3670000000000000, 0.8946739302810431, 1.0681037764438830
0.3680000000000000, 0.8945560826606289, 1.0684796046637031
0.3690000000000000, 0.8944391295962975, 1.0688565013631279
0.3700000000000000, 0.8943230709710955, 1.0692344669190543
0.3710000000000000, 0.8942079066689645, 1.0696135017094479
0.3720000000000000, 0.8940936365747404, 1.0699936061133433
0.3730000000000000, 0.8939802605741529, 1.0703747805108448
0.3740000000000000, 0.8938677785538263, 1.0707570252831271
0.3750000000000000, 0.8937561904012782, 1.0711403408124347
0.3760000000000000, 0.8936454960049207, 1.0715247274820832
0.3770000000000000, 0.8935356952540594, 1.0719101856764592
0.3780000000000000, 0.8934267880388935, 1.0722967157810213
0.3790000000000000, 0.8933187742505159, 1.0726843181822991
0.3800000000000000, 0.8932116537809126, 1.0730729932678953
0.3810000000000000, 0.8931054265229632, 1.0734627414264850
0.3820000000000000, 0.8930000923704405, 1.0738535630478161
0.3830000000000000, 0.8928956512180102, 1.0742454585227106
0.3840000000000000, 0.8927921029612311, 1.0746384282430639
0.3850000000000000, 0.8926894474965551, 1.0750324726018456
0.3860000000000000, 0.8925876847213267, 1.0754275919931002
0.3870000000000000, 0.8924868145337830, 1.0758237868119471
0.3880000000000000, 0.8923868368330541, 1.0762210574545810
0.3890000000000000, 0.8922877515191621, 1.0766194043182724
0.3900000000000000, 0.8921895584930216, 1.0770188278013682
0.3910000000000000, 0.8920922576564398, 1.0774193283032918
0.3920000000000000, 0.8919958489121159, 1.0778209062245439
0.3930000000000000, 0.8919003321636411, 1.0782235619667022
0.3940000000000000, 0.8918057073154985, 1.0786272959324226
0.3950000000000000, 0.8917119742730633, 1.0790321085254388
0.3960000000000000, 0.8916191329426025, 1.0794380001505637
0.3970000000000000, 0.8915271832312749, 1.0798449712136888
0.3980000000000000, 0.8914361250471307, 1.0802530221217852
0.3990000000000000, 0.8913459582991116, 1.0806621532829037
0.4000000000000000, 0.8912566828970507, 1.0810723651061758
0.4010000000000000, 0.8911682987516729, 1.0814836580018132
0.4020000000000000, 0.8910808057745940, 1.0818960323811089
0.4030000000000000, 0.8909942038783210, 1.0823094886564368
0.4040000000000000, 0.8909084929762520, 1.0827240272412535
0.4050000000000000, 0.8908236729826760, 1.0831396485500975
0.4060000000000000, 0.8907397438127730, 1.0835563529985901
0.4070000000000000, 0.8906567053826140, 1.0839741410034358
0.4080000000000000, 0.8905745576091605, 1.0843930129824226
0.4090000000000000, 0.8904933004102645, 1.0848129693544226
0.4100000000000000, 0.8904129337046691, 1.0852340105393923
0.4110000000000000, 0.8903334574120075, 1.0856561369583726
0.4120000000000000, 0.8902548714528035, 1.0860793490334899
0.4130000000000000, 0.8901771757484711, 1.0865036471879563
0.4140000000000000, 0.8901003702213144, 1.0869290318460703
0.4150000000000000, 0.8900244547945281, 1.0873555034332163
0.4160000000000000, 0.8899494293921968, 1.0877830623758658
0.4170000000000000, 0.8898752939392950, 1.0882117091015779
0.4180000000000000, 0.8898020483616872, 1.0886414440389993
0.4190000000000000, 0.8897296925861278, 1.0890722676178648
0.4200000000000000, 0.8896582265402612, 1.0895041802689982
0.4210000000000000, 0.8895876501526212, 1.0899371824243118
0.4220000000000000, 0.8895179633526317, 1.0903712745168082
0.4230000000000000, 0.8894491660706055, 1.0908064569805791
0.4240000000000000, 0.8893812582377456, 1.0912427302508072
0.4250000000000000, 0.8893142397861439, 1.0916800947637657
0.4260000000000000, 0.8892481106487821, 1.0921185509568190
0.4270000000000000, 0.8891828707595311, 1.0925580992684234
0.4280000000000000, 0.8891185200531510, 1.0929987401381274
0.4290000000000000, 0.8890550584652911, 1.0934404740065717
0.4300000000000000, 0.8889924859324898, 1.0938833013154903
0.4310000000000000, 0.8889308023921747, 1.0943272225077101
0.4320000000000000, 0.8888700077826620, 1.0947722380271525
0.4330000000000000, 0.8888101020431574, 1.0952183483188331
0.4340000000000000, 0.8887510851137549, 1.0956655538288622
0.4350000000000000, 0.8886929569354376, 1.0961138550044451
0.4360000000000000, 0.8886357174500775, 1.0965632522938833
0.4370000000000000, 0.8885793666004348, 1.0970137461465741
0.4380000000000000, 0.8885239043301589, 1.0974653370130114
0.4390000000000000, 0.8884693305837875, 1.0979180253447860
0.4400000000000000, 0.8884156453067468, 1.0983718115945860
0.4410000000000000, 0.8883628484453516, 1.0988266962161977
0.4420000000000000, 0.8883109399468050, 1.0992826796645057
0.4430000000000000, 0.8882599197591984, 1.0997397623954936
0.4440000000000000, 0.8882097878315116, 1.1001979448662440
0.4450000000000000, 0.8881605441136128, 1.1006572275349396
0.4460000000000000, 0.8881121885562582, 1.1011176108608627
0.4470000000000000, 0.8880647211110922, 1.1015790953043967
0.4480000000000000, 0.8880181417306475, 1.1020416813270262
0.4490000000000000, 0.8879724503683447, 1.1025053693913371
0.4500000000000000, 0.8879276469784922, 1.1029701599610178
0.4510000000000000, 0.8878837315162870, 1.1034360535008585
0.4520000000000000, 0.8878407039378133, 1.1039030504767529
0.4530000000000000, 0.8877985642000439, 1.1043711513556980
0.4540000000000000, 0.8877573122608389, 1.1048403566057945
0.4550000000000000, 0.8877169480789461, 1.1053106666962480
0.4560000000000000, 0.8876774716140016, 1.1057820820973685
0.4570000000000000, 0.8876388828265288, 1.1062546032805713
0.4580000000000000, 0.8876011816779391, 1.1067282307183777
0.4590000000000000, 0.8875643681305312, 1.1072029648844148
0.4600000000000000, 0.8875284421474915, 1.1076788062534169
0.4610000000000000, 0.8874934036928940, 1.1081557553012253
0.4620000000000000, 0.8874592527317002, 1.1086338125047894
0.4630000000000000, 0.8874259892297593, 1.1091129783421663
0.4640000000000000, 0.8873936131538078, 1.1095932532925215
0.4650000000000000, 0.8873621244714696, 1.1100746378361299
0.4660000000000000, 0.8873315231512560, 1.1105571324543764
0.4670000000000000, 0.8873018091625657, 1.1110407376297553
0.4680000000000000, 0.8872729824756845, 1.1115254538458719
0.4690000000000000, 0.8872450430617860, 1.1120112815874423
0.4700000000000000, 0.8872179908929307, 1.1124982213402945
0.4710000000000000, 0.8871918259420665, 1.1129862735913683
0.4720000000000000, 0.8871665481830283, 1.1134754388287158
0.4730000000000000, 0.8871421575905384, 1.1139657175415023
0.4740000000000000, 0.8871186541402061, 1.1144571102200067
0.4750000000000000, 0.8870960378085280, 1.1149496173556217
0.4760000000000000, 0.8870743085728878, 1.1154432394408542
0.4770000000000000, 0.8870534664115566, 1.1159379769693263
0.4780000000000000, 0.8870335113036919, 1.1164338304357755
0.4790000000000000, 0.8870144432293386, 1.1169308003360554
0.4800000000000000, 0.8869962621694287, 1.1174288871671356
0.4810000000000000, 0.8869789681057810, 1.1179280914271030
0.4820000000000000, 0.8869625610211017, 1.1184284136151619
0.4830000000000000, 0.8869470408989836, 1.1189298542316346
0.4840000000000000, 0.8869324077239065, 1.1194324137779619
0.4850000000000000, 0.8869186614812372, 1.1199360927567030
0.4860000000000000, 0.8869058021572295, 1.1204408916715369
0.4870000000000000, 0.8868938297390240, 1.1209468110272625
0.4880000000000000, 0.8868827442146483, 1.1214538513297994
0.4890000000000000, 0.8868725455730170, 1.1219620130861878
0.4900000000000000, 0.8868632338039313, 1.1224712968045893
0.4910000000000000, 0.8868548088980794, 1.1229817029942877
0.4920000000000000, 0.8868472708470367, 1.1234932321656892
0.4930000000000000, 0.8868406196432651, 1.1240058848303229
0.4940000000000000, 0.8868348552801132, 1.1245196615008415
0.4950000000000000, 0.8868299777518166, 1.1250345626910219
0.4960000000000000, 0.8868259870534980, 1.1255505889157651
0.4970000000000000, 0.8868228831811665, 1.1260677406910975
0.4980000000000000, 0.8868206661317184, 1.1265860185341707
0.4990000000000000, 0.8868193359029365, 1.1271054229632627
0.5000000000000000, 0.8868188924934906, 1.1276259544977778
0.5010000000000000, 0.8868193359029374, 1.1281476136582478
0.5020000000000000, 0.8868206661317204, 1.1286704009663318
0.5030000000000000, 0.8868228831811698, 1.1291943169448169
0.5040000000000000, 0.8868259870535022, 1.1297193621176191
0.5050000000000000, 0.8868299777518220, 1.1302455370097835
0.5060000000000000, 0.8868348552801195, 1.1307728421474850
0.5070000000000000, 0.8868406196432725, 1.1313012780580289
0.5080000000000000, 0.8868472708470454, 1.1318308452698513
0.5090000000000000, 0.8868548088980891, 1.1323615443125192
0.5100000000000000, 0.8868632338039418, 1.1328933757167317
0.5110000000000000, 0.8868725455730284, 1.1334263400143201
0.5120000000000000, 0.8868827442146606, 1.1339604377382488
0.5130000000000000, 0.8868938297390373, 1.1344956694226156
0.5140000000000000, 0.8869058021572439, 1.1350320356026518
0.5150000000000000, 0.8869186614812526, 1.1355695368147238
0.5160000000000000, 0.8869324077239230, 1.1361081735963330
0.5170000000000000, 0.8869470408990012, 1.1366479464861159
0.5180000000000000, 0.8869625610211204, 1.1371888560238452
0.5190000000000000, 0.8869789681058006, 1.1377309027504305
0.5200000000000000, 0.8869962621694490, 1.1382740872079187
0.5210000000000000, 0.8870144432293599, 1.1388184099394942
0.5220000000000000, 0.8870335113037140, 1.1393638714894800
0.5230000000000000, 0.8870534664115797, 1.1399104724033375
0.5240000000000000, 0.8870743085729118, 1.1404582132276677
0.5250000000000000, 0.8870960378085525, 1.1410070945102111
0.5260000000000000, 0.8871186541402312, 1.1415571167998491
0.5270000000000000, 0.8871421575905640, 1.1421082806466039
0.5280000000000000, 0.8871665481830545, 1.1426605866016395
0.5290000000000000, 0.8871918259420933, 1.1432140352172617
0.5300000000000000, 0.8872179908929583, 1.1437686270469194
0.5310000000000000, 0.8872450430618142, 1.1443243626452044
0.5320000000000000, 0.8872729824757133, 1.1448812425678523
0.5330000000000000, 0.8873018091625950, 1.1454392673717428
0.5340000000000000, 0.8873315231512861, 1.1459984376149008
0.5350000000000000, 0.8873621244715003, 1.1465587538564967
0.5360000000000000, 0.8873936131538390, 1.1471202166568468
0.5370000000000000, 0.8874259892297911, 1.1476828265774139
0.5380000000000000, 0.8874592527317324, 1.1482465841808076
0.5390000000000000, 0.8874934036929265, 1.1488114900307858
0.5400000000000000, 0.8875284421475245, 1.1493775446922543
0.5410000000000000, 0.8875643681305646, 1.1499447487312675
0.5420000000000000, 0.8876011816779729, 1.1505131027150295
0.5430000000000000, 0.8876388828265629, 1.1510826072118945
0.5440000000000000, 0.8876774716140359, 1.1516532627913669
0.5450000000000000, 0.8877169480789805, 1.1522250700241023
0.5460000000000000, 0.8877573122608732, 1.1527980294819078
0.5470000000000000, 0.8877985642000783, 1.1533721417377427
0.5480000000000000, 0.8878407039378476, 1.1539474073657194
0.5490000000000000, 0.8878837315163212, 1.1545238269411036
0.5500000000000000, 0.8879276469785262, 1.1551014010403149
0.5510000000000000, 0.8879724503683781, 1.1556801302409274
0.5520000000000000, 0.8880181417306806, 1.1562600151216702
0.5530000000000000, 0.8880647211111250, 1.1568410562624283
0.5540000000000000, 0.8881121885562907, 1.1574232542442426
0.5550000000000000, 0.8881605441136450, 1.1580066096493116
0.5560000000000000, 0.8882097878315434, 1.1585911230609902
0.5570000000000001, 0.8882599197592298, 1.1591767950637919
0.5580000000000001, 0.8883109399468363, 1.1597636262433890
0.5590000000000001, 0.8883628484453826, 1.1603516171866126
0.5600000000000001, 0.8884156453067775, 1.1609407684814537
0.5610000000000001, 0.8884693305838179, 1.1615310807170636
0.5620000000000001, 0.8885239043301891, 1.1621225544837546
0.5630000000000001, 0.8885793666004648, 1.1627151903730002
0.5640000000000001, 0.8886357174501069, 1.1633089889774362
0.5650000000000001, 0.8886929569354668, 1.1639039508908613
0.5660000000000001, 0.8887510851137836, 1.1645000767082374
0.5670000000000001, 0.8888101020431856, 1.1650973670256903
0.5680000000000001, 0.8888700077826897, 1.1656958224405103
0.5690000000000001, 0.8889308023922018, 1.1662954435511528
0.5700000000000001, 0.8889924859325167, 1.1668962309572390
0.5710000000000001, 0.8890550584653174, 1.1674981852595565
0.5720000000000001, 0.8891185200531768, 1.1681013070600592
0.5730000000000001, 0.8891828707595565, 1.1687055969618692
0.5740000000000001, 0.8892481106488072, 1.1693110555692763
0.5750000000000001, 0.8893142397861684, 1.1699176834877389
0.5760000000000001, 0.8893812582377697, 1.1705254813238852
0.5770000000000000, 0.8894491660706293, 1.1711344496855129
0.5780000000000000, 0.8895179633526550, 1.1717445891815905
0.5790000000000000, 0.8895876501526443, 1.1723559004222575
0.5800000000000000, 0.8896582265402838, 1.1729683840188252
0.5810000000000000, 0.8897296925861501, 1.1735820405837771
0.5820000000000000, 0.8898020483617088, 1.1741968707307699
0.5830000000000000, 0.8898752939393162, 1.1748128750746336
0.5840000000000000, 0.8899494293922177, 1.1754300542313727
0.5850000000000000, 0.8900244547945486, 1.1760484088181660
0.5860000000000000, 0.8901003702213345, 1.1766679394533681
0.5870000000000000, 0.8901771757484908, 1.1772886467565098
0.5880000000000000, 0.8902548714528231, 1.1779105313482985
0.5890000000000000, 0.8903334574120270, 1.1785335938506185
0.5900000000000000, 0.8904129337046884, 1.1791578348865324
0.5910000000000000, 0.8904933004102837, 1.1797832550802811
0.5920000000000000, 0.8905745576091795, 1.1804098550572850
0.5930000000000000, 0.8906567053826330, 1.1810376354441441
0.5940000000000000, 0.8907397438127919, 1.1816665968686388
0.5950000000000000, 0.8908236729826948, 1.1822967399597306
0.5960000000000000, 0.8909084929762708, 1.1829280653475625
0.5970000000000000, 0.8909942038783399, 1.1835605736634600
0.5980000000000000, 0.8910808057746130, 1.1841942655399316
0.5990000000000000, 0.8911682987516920, 1.1848291416106689
0.6000000000000000, 0.8912566828970699, 1.1854652025105481
0.6010000000000000, 0.8913459582991310, 1.1861024488756302
0.6020000000000000, 0.8914361250471506, 1.1867408813431615
0.6030000000000000, 0.8915271832312954, 1.1873805005515743
0.6040000000000000, 0.8916191329426236, 1.1880213071404877
0.6050000000000000, 0.8917119742730849, 1.1886633017507082
0.6060000000000000, 0.8918057073155204, 1.1893064850242308
0.6070000000000000, 0.8919003321636635, 1.1899508576042386
0.6080000000000000, 0.8919958489121387, 1.1905964201351042
0.6090000000000000, 0.8920922576564629, 1.1912431732623900
0.6100000000000000, 0.8921895584930452, 1.1918911176328493
0.6110000000000000, 0.8922877515191858, 1.1925402538944263
0.6120000000000000, 0.8923868368330782, 1.1931905826962574
0.6130000000000000, 0.8924868145338075, 1.1938421046886714
0.6140000000000000, 0.8925876847213515, 1.1944948205231900
0.6150000000000000, 0.8926894474965803, 1.1951487308525295
0.6160000000000000, 0.8927921029612566, 1.1958038363306001
0.6170000000000000, 0.8928956512180359, 1.1964601376125070
0.6180000000000000, 0.8930000923704666, 1.1971176353545516
0.6190000000000000, 0.8931054265229897, 1.1977763302142319
0.6200000000000000, 0.8932116537809396, 1.1984362228502428
0.6210000000000000, 0.8933187742505433, 1.1990973139224768
0.6220000000000000, 0.8934267880389214, 1.1997596040920246
0.6230000000000000, 0.8935356952540876, 1.2004230940211766
0.6240000000000000, 0.8936454960049492, 1.2010877843734229
0.6250000000000000, 0.8937561904013068, 1.2017536758134535
0.6260000000000000, 0.8938677785538550, 1.2024207690071602
0.6270000000000000, 0.8939802605741819, 1.2030890646216361
0.6280000000000000, 0.8940936365747696, 1.2037585633251768
0.6290000000000000, 0.8942079066689940, 1.2044292657872810
0.6300000000000000, 0.8943230709711253, 1.2051011726786514
0.6310000000000000, 0.8944391295963277, 1.2057742846711943
0.6320000000000000, 0.8945560826606598, 1.2064486024380221
0.6330000000000000, 0.8946739302810748, 1.2071241266534527
0.6340000000000000, 0.8947926725754202, 1.2078008579930102
0.6350000000000000, 0.8949123096624383, 1.2084787971334257
0.6360000000000000, 0.8950328416617661, 1.2091579447526386
0.6370000000000000, 0.8951542686939359, 1.2098383015297964
0.6380000000000000, 0.8952765908803744, 1.2105198681452558
0.6390000000000000, 0.8953998083434039, 1.2112026452805835
0.6400000000000000, 0.8955239212062421, 1.2118866336185565
0.6410000000000000, 0.8956489295930016, 1.2125718338431632
0.6420000000000000, 0.8957748336286908, 1.2132582466396040
0.6430000000000000, 0.8959016334392138, 1.2139458726942916
0.6440000000000000, 0.8960293291513705, 1.2146347126948518
0.6450000000000000, 0.8961579208928562, 1.2153247673301248
0.6460000000000000, 0.8962874087922631, 1.2160160372901654
0.6470000000000000, 0.8964177929790789, 1.2167085232662436
0.6480000000000000, 0.8965490735836877, 1.2174022259508450
0.6490000000000000, 0.8966812507373703, 1.2180971460376726
0.6500000000000000, 0.8968143245723038, 1.2187932842216465
0.6510000000000000, 0.8969482952215621, 1.2194906411989048
0.6520000000000000, 0.8970831628191156, 1.2201892176668045
0.6530000000000000, 0.8972189274998321, 1.2208890143239219
0.6540000000000000, 0.8973555893994762, 1.2215900318700537
0.6550000000000000, 0.8974931486547100, 1.2222922710062176
0.6560000000000000, 0.8976316054030925, 1.2229957324346530
0.6570000000000000, 0.8977709597830805, 1.2237004168588210
0.6580000000000000, 0.8979112119340282, 1.2244063249834061
0.6590000000000000, 0.8980523619961881, 1.2251134575143163
0.6600000000000000, 0.8981944101107100, 1.2258218151586844
0.6610000000000000, 0.8983373564196422, 1.2265313986248676
0.6620000000000000, 0.8984812010659310, 1.2272422086224495
0.6630000000000000, 0.8986259441934210, 1.2279542458622401
0.6640000000000000, 0.8987715859468555, 1.2286675110562766
0.6650000000000000, 0.8989181264718760, 1.2293820049178243
0.6660000000000000, 0.8990655659150230, 1.2300977281613772
0.6670000000000000, 0.8992139044237358, 1.2308146815026582
0.6680000000000000, 0.8993631421463534, 1.2315328656586209
0.6690000000000000, 0.8995132792321131, 1.2322522813474495
0.6700000000000000, 0.8996643158311524, 1.2329729292885596
0.6710000000000000, 0.8998162520945074, 1.2336948102025993
0.6720000000000000, 0.8999690881741147, 1.2344179248114493
0.6730000000000000, 0.9001228242228102, 1.2351422738382241
0.6740000000000000, 0.9002774603943302, 1.2358678580072726
0.6750000000000000, 0.9004329968433107, 1.2365946780441794
0.6760000000000000, 0.9005894337252881, 1.2373227346757645
0.6770000000000000, 0.9007467711966993, 1.2380520286300845
0.6780000000000000, 0.9009050094148819, 1.2387825606364333
0.6790000000000000, 0.9010641485380740, 1.2395143314253432
0.6800000000000000, 0.9012241887254149, 1.2402473417285846
0.6810000000000000, 0.9013851301369444, 1.2409815922791678
0.6820000000000001, 0.9015469729336043, 1.2417170838113436
0.6830000000000001, 0.9017097172772371, 1.2424538170606032
0.6840000000000001, 0.9018733633305874, 1.2431917927636800
0.6850000000000001, 0.9020379112573012, 1.2439310116585498
0.6860000000000001, 0.9022033612219263, 1.2446714744844316
0.6870000000000001, 0.9023697133899130, 1.2454131819817882
0.6880000000000001, 0.9025369679276132, 1.2461561348923271
0.6890000000000001, 0.9027051250022813, 1.2469003339590012
0.6900000000000001, 0.9028741847820746, 1.2476457799260094
0.6910000000000001, 0.9030441474360529, 1.2483924735387977
0.6920000000000001, 0.9032150131341787, 1.2491404155440597
0.6930000000000001, 0.9033867820473179, 1.2498896066897374
0.6940000000000001, 0.9035594543472393, 1.2506400477250219
0.6950000000000001, 0.9037330302066151, 1.2513917394003544
0.6960000000000001, 0.9039075097990212, 1.2521446824674265
0.6970000000000001, 0.9040828932989374, 1.2528988776791812
0.6980000000000001, 0.9042591808817468, 1.2536543257898138
0.6990000000000001, 0.9044363727237372, 1.2544110275547726
0.7000000000000001, 0.9046144690021004, 1.2551689837307594
0.7010000000000001, 0.9047934698949327, 1.2559281950757299
0.7020000000000001, 0.9049733755812350, 1.2566886623488958
0.7030000000000001, 0.9051541862409129, 1.2574503863107240
0.7040000000000000, 0.9053359020547772, 1.2582133677229388
0.7050000000000000, 0.9055185232045436, 1.2589776073485213
0.7060000000000000, 0.9057020498728333, 1.2597431059517112
0.7070000000000000, 0.9058864822431731, 1.2605098642980075
0.7080000000000000, 0.9060718204999954, 1.2612778831541682
0.7090000000000000, 0.9062580648286382, 1.2620471632882124
0.7100000000000000, 0.9064452154153461, 1.2628177054694203
0.7110000000000000, 0.9066332724472694, 1.2635895104683337
0.7120000000000000, 0.9068222361124653, 1.2643625790567579
0.7130000000000000, 0.9070121065998973, 1.2651369120077611
0.7140000000000000, 0.9072028840994362, 1.2659125100956765
0.7150000000000000, 0.9073945688018591, 1.2666893740961023
0.7160000000000000, 0.9075871608988509, 1.2674675047859023
0.7170000000000000, 0.9077806605830039, 1.2682469029432075
0.7180000000000000, 0.9079750680478176, 1.2690275693474158
0.7190000000000000, 0.9081703834876994, 1.2698095047791937
0.7200000000000000, 0.9083666070979648, 1.2705927100204768
0.7210000000000000, 0.9085637390748373, 1.2713771858544700
0.7220000000000000, 0.9087617796154491, 1.2721629330656494
0.7230000000000000, 0.9089607289178407, 1.2729499524397621
0.7240000000000000, 0.9091605871809615, 1.2737382447638272
0.7250000000000000, 0.9093613546046696, 1.2745278108261375
0.7260000000000000, 0.9095630313897325, 1.2753186514162587
0.7270000000000000, 0.9097656177378267, 1.2761107673250314
0.7280000000000000, 0.9099691138515388, 1.2769041593445718
0.7290000000000000, 0.9101735199343648, 1.2776988282682720
0.7300000000000000, 0.9103788361907109, 1.2784947748908007
0.7310000000000000, 0.9105850628258932, 1.2792920000081043
0.7320000000000000, 0.9107922000461386, 1.2800905044174082
0.7330000000000000, 0.9110002480585840, 1.2808902889172169
0.7340000000000000, 0.9112092070712778, 1.2816913543073145
0.7350000000000000, 0.9114190772931787, 1.2824937013887665
0.7360000000000000, 0.9116298589341572, 1.2832973309639200
0.7370000000000000, 0.9118415522049946, 1.2841022438364045
0.7380000000000000, 0.9120541573173845, 1.2849084408111331
0.7390000000000000, 0.9122676744839319, 1.2857159226943027
0.7400000000000000, 0.9124821039181538, 1.2865246902933953
0.7410000000000000, 0.9126974458344799, 1.2873347444171783
0.7420000000000000, 0.9129137004482519, 1.2881460858757059
0.7430000000000000, 0.9131308679757247, 1.2889587154803197
0.7440000000000000, 0.9133489486340656, 1.2897726340436493
0.7450000000000000, 0.9135679426413552, 1.2905878423796129
0.7460000000000000, 0.9137878502165878, 1.2914043413034189
0.7470000000000000, 0.9140086715796708, 1.2922221316315665
0.7480000000000000, 0.9142304069514254, 1.2930412141818461
0.7490000000000000, 0.9144530565535871, 1.2938615897733403
0.7500000000000000, 0.9146766206088055, 1.2946832592264244
0.7510000000000000, 0.9149010993406447, 1.2955062233627677
0.7520000000000000, 0.9151264929735834, 1.2963304830053346
0.7530000000000000, 0.9153528017330151, 1.2971560389783849
0.7540000000000000, 0.9155800258452488, 1.2979828921074743
0.7550000000000000, 0.9158081655375084, 1.2988110432194560
0.7560000000000000, 0.9160372210379337, 1.2996404931424812
0.7570000000000000, 0.9162671925755801, 1.3004712427059999
0.7580000000000000, 0.9164980803804191, 1.3013032927407613
0.7590000000000000, 0.9167298846833388, 1.3021366440788158
0.7600000000000000, 0.9169626057161433, 1.3029712975535146
0.7610000000000000, 0.9171962437115536, 1.3038072539995109
0.7620000000000000, 0.9174307989032078, 1.3046445142527614
0.7630000000000000, 0.9176662715256610, 1.3054830791505265
0.7640000000000000, 0.9179026618143861, 1.3063229495313711
0.7650000000000000, 0.9181399700057730, 1.3071641262351654
0.7660000000000000, 0.9183781963371300, 1.3080066101030861
0.7670000000000000, 0.9186173410466836, 1.3088504019776168
0.7680000000000000, 0.9188574043735782, 1.3096955027025499
0.7690000000000000, 0.9190983865578773, 1.3105419131229856
0.7700000000000000, 0.9193402878405632, 1.3113896340853346
0.7710000000000000, 0.9195831084635373, 1.3122386664373178
0.7720000000000000, 0.9198268486696201, 1.3130890110279676
0.7730000000000000, 0.9200715087025515, 1.3139406687076287
0.7740000000000000, 0.9203170888069917, 1.3147936403279585
0.7750000000000000, 0.9205635892285208, 1.3156479267419290
0.7760000000000000, 0.9208110102136393, 1.3165035288038265
0.7770000000000000, 0.9210593520097681, 1.3173604473692528
0.7780000000000000, 0.9213086148652490, 1.3182186832951266
0.7790000000000000, 0.9215587990293448, 1.3190782374396839
0.7800000000000000, 0.9218099047522398, 1.3199391106624789
0.7810000000000000, 0.9220619322850396, 1.3208013038243849
0.7820000000000000, 0.9223148818797718, 1.3216648177875947
0.7830000000000000, 0.9225687537893859, 1.3225296534156226
0.7840000000000000, 0.9228235482677539, 1.3233958115733042
0.7850000000000000, 0.9230792655696705, 1.3242632931267975
0.7860000000000000, 0.9233359059508525, 1.3251320989435840
0.7870000000000000, 0.9235934696679406, 1.3260022298924696
0.7880000000000000, 0.9238519569784988, 1.3268736868435855
0.7890000000000000, 0.9241113681410139, 1.3277464706683884
0.7900000000000000, 0.9243717034148973, 1.3286205822396622
0.7910000000000000, 0.9246329630604843, 1.3294960224315184
0.7920000000000000, 0.9248951473390346, 1.3303727921193973
0.7930000000000000, 0.9251582565127322, 1.3312508921800685
0.7940000000000000, 0.9254222908446865, 1.3321303234916320
0.7950000000000000, 0.9256872505989316, 1.3330110869335192
0.7960000000000000, 0.9259531360404274, 1.3338931833864938
0.7970000000000000, 0.9262199474350594, 1.3347766137326518
0.7980000000000000, 0.9264876850496390, 1.3356613788554239
0.7990000000000000, 0.9267563491519037, 1.3365474796395749
0.8000000000000000, 0.9270259400105179, 1.3374349169712056
0.8010000000000000, 0.9272964578950721, 1.3383236917377535
0.8020000000000000, 0.9275679030760844, 1.3392138048279931
0.8030000000000000, 0.9278402758249999, 1.3401052571320380
0.8040000000000000, 0.9281135764141916, 1.3409980495413403
0.8050000000000000, 0.9283878051169596, 1.3418921829486925
0.8060000000000000, 0.9286629622075330, 1.3427876582482279
0.8070000000000001, 0.9289390479610689, 1.3436844763354217
0.8080000000000001, 0.9292160626536528, 1.3445826381070920
0.8090000000000001, 0.9294940065622994, 1.3454821444614005
0.8100000000000001, 0.9297728799649527, 1.3463829962978537
0.8110000000000001, 0.9300526831404859, 1.3472851945173037
0.8120000000000001, 0.9303334163687025, 1.3481887400219481
0.8130000000000001, 0.9306150799303355, 1.3490936337153328
0.8140000000000001, 0.9308976741070486, 1.3499998765023511
0.8150000000000001, 0.9311811991814359, 1.3509074692892462
0.8160000000000001, 0.9314656554370225, 1.3518164129836108
0.8170000000000001, 0.9317510431582646, 1.3527267084943884
0.8180000000000001, 0.9320373626305500, 1.3536383567318748
0.8190000000000001, 0.9323246141401981, 1.3545513586077182
0.8200000000000001, 0.9326127979744603, 1.3554657150349203
0.8210000000000001, 0.9329019144215206, 1.3563814269278376
0.8220000000000001, 0.9331919637704954, 1.3572984952021820
0.8230000000000001, 0.9334829463114341, 1.3582169207750219
0.8240000000000001, 0.9337748623353194, 1.3591367045647829
0.8250000000000001, 0.9340677121340670, 1.3600578474912488
0.8260000000000001, 0.9343614960005272, 1.3609803504755624
0.8270000000000001, 0.9346562142284834, 1.3619042144402267
0.8280000000000001, 0.9349518671126539, 1.3628294403091057
0.8290000000000001, 0.9352484549486916, 1.3637560290074251
0.8300000000000001, 0.9355459780331842, 1.3646839814617735
0.8310000000000001, 0.9358444366636549, 1.3656132986001037
0.8320000000000001, 0.9361438311385624, 1.3665439813517328
0.8330000000000000, 0.9364441617573009, 1.3674760306473435
0.8340000000000000, 0.9367454288202015, 1.3684094474189847
0.8350000000000000, 0.9370476326285312, 1.3693442326000735
0.8360000000000000, 0.9373507734844936, 1.3702803871253950
0.8370000000000000, 0.9376548516912295, 1.3712179119311039
0.8380000000000000, 0.9379598675528174, 1.3721568079547248
0.8390000000000000, 0.9382658213742728, 1.3730970761351540
0.8400000000000000, 0.9385727134615499, 1.3740387174126596
0.8410000000000000, 0.9388805441215406, 1.3749817327288827
0.8420000000000000, 0.9391893136620755, 1.3759261230268387
0.8430000000000000, 0.9394990223919242, 1.3768718892509180
0.8440000000000000, 0.9398096706207955, 1.3778190323468866
0.8450000000000000, 0.9401212586593375, 1.3787675532618879
0.8460000000000000, 0.9404337868191384, 1.3797174529444427
0.8470000000000000, 0.9407472554127262, 1.3806687323444506
0.8480000000000000, 0.9410616647535696, 1.3816213924131913
0.8490000000000000, 0.9413770151560780, 1.3825754341033243
0.8500000000000000, 0.9416933069356017, 1.3835308583688914
0.8510000000000000, 0.9420105404084326, 1.3844876661653174
0.8520000000000000, 0.9423287158918040, 1.3854458584494096
0.8530000000000000, 0.9426478337038913, 1.3864054361793603
0.8540000000000000, 0.9429678941638125, 1.3873664003147472
0.8550000000000000, 0.9432888975916279, 1.3883287518165346
0.8560000000000000, 0.9436108443083412, 1.3892924916470739
0.8570000000000000, 0.9439337346358988, 1.3902576207701050
0.8580000000000000, 0.9442575688971914, 1.3912241401507570
0.8590000000000000, 0.9445823474160527, 1.3921920507555494
0.8600000000000000, 0.9449080705172616, 1.3931613535523928
0.8610000000000000, 0.9452347385265409, 1.3941320495105900
0.8620000000000000, 0.9455623517705588, 1.3951041396008370
0.8630000000000000, 0.9458909105769286, 1.3960776247952238
0.8640000000000000, 0.9462204152742092, 1.3970525060672356
0.8650000000000000, 0.9465508661919052, 1.3980287843917536
0.8660000000000000, 0.9468822636604677, 1.3990064607450563
0.8670000000000000, 0.9472146080112939, 1.3999855361048199
0.8680000000000000, 0.9475478995767284, 1.4009660114501199
0.8690000000000000, 0.9478821386900625, 1.4019478877614315
0.8700000000000000, 0.9482173256855355, 1.4029311660206312
0.8710000000000000, 0.9485534608983344, 1.4039158472109972
0.8720000000000000, 0.9488905446645943, 1.4049019323172107
0.8730000000000000, 0.9492285773213990, 1.4058894223253569
0.8740000000000000, 0.9495675592067812, 1.4068783182229256
0.8750000000000000, 0.9499074906597228, 1.4078686209988127
0.8760000000000000, 0.9502483720201553, 1.4088603316433210
0.8770000000000000, 0.9505902036289602, 1.4098534511481613
0.8780000000000000, 0.9509329858279687, 1.4108479805064529
0.8790000000000000, 0.9512767189599631, 1.4118439207127251
0.8800000000000000, 0.9516214033686767, 1.4128412727629183
0.8810000000000000, 0.9519670393987939, 1.4138400376543843
0.8820000000000000, 0.9523136273959505, 1.4148402163858882
0.8830000000000000, 0.9526611677067345, 1.4158418099576087
0.8840000000000000, 0.9530096606786864, 1.4168448193711392
0.8850000000000000, 0.9533591066602992, 1.4178492456294893
0.8860000000000000, 0.9537095060010188, 1.4188550897370855
0.8870000000000000, 0.9540608590512445, 1.4198623526997716
0.8880000000000000, 0.9544131661623295, 1.4208710355248106
0.8890000000000000, 0.9547664276865808, 1.4218811392208857
0.8900000000000000, 0.9551206439772599, 1.4228926647981002
0.8910000000000000, 0.9554758153885831, 1.4239056132679797
0.8920000000000000, 0.9558319422757218, 1.4249199856434727
0.8930000000000000, 0.9561890249948027, 1.4259357829389516
0.8940000000000000, 0.9565470639029088, 1.4269530061702138
0.8950000000000000, 0.9569060593580789, 1.4279716563544824
0.8960000000000000, 0.9572660117193085, 1.4289917345104075
0.8970000000000000, 0.9576269213465498, 1.4300132416580673
0.8980000000000000, 0.9579887886007128, 1.4310361788189692
0.8990000000000000, 0.9583516138436644, 1.4320605470160499
0.9000000000000000, 0.9587153974382300, 1.4330863472736777
0.9010000000000000, 0.9590801397481932, 1.4341135806176528
0.9020000000000000, 0.9594458411382961, 1.4351422480752087
0.9030000000000000, 0.9598125019742403, 1.4361723506750128
0.9040000000000000, 0.9601801226226868, 1.4372038894471677
0.9050000000000000, 0.9605487034512561, 1.4382368654232123
0.9060000000000000, 0.9609182448285289, 1.4392712796361224
0.9070000000000000, 0.9612887471240469, 1.4403071331203126
0.9080000000000000, 0.9616602107083121, 1.4413444269116358
0.9090000000000000, 0.9620326359527880, 1.4423831620473859
0.9100000000000000, 0.9624060232299000, 1.4434233395662983
0.9110000000000000, 0.9627803729130354, 1.4444649605085507
0.9120000000000000, 0.9631556853765441, 1.4455080259157636
0.9130000000000000, 0.9635319609957381, 1.4465525368310026
0.9140000000000000, 0.9639092001468933, 1.4475984942987785
0.9150000000000000, 0.9642874032072488, 1.4486458993650488
0.9160000000000000, 0.9646665705550076, 1.4496947530772188
0.9170000000000000, 0.9650467025693371, 1.4507450564841420
0.9180000000000000, 0.9654277996303694, 1.4517968106361216
0.9190000000000000, 0.9658098621192013, 1.4528500165849121
0.9200000000000000, 0.9661928904178955, 1.4539046753837193
0.9210000000000000, 0.9665768849094803, 1.4549607880872022
0.9220000000000000, 0.9669618459779501, 1.4560183557514734
0.9230000000000000, 0.9673477740082659, 1.4570773794341008
0.9240000000000000, 0.9677346693863557, 1.4581378601941077
0.9250000000000000, 0.9681225324991152, 1.4591997990919749
0.9260000000000000, 0.9685113637344074, 1.4602631971896414
0.9270000000000000, 0.9689011634810635, 1.4613280555505053
0.9280000000000000, 0.9692919321288831, 1.4623943752394251
0.9290000000000000, 0.9696836700686350, 1.4634621573227202
0.9300000000000000, 0.9700763776920571, 1.4645314028681731
0.9310000000000000, 0.9704700553918570, 1.4656021129450292
0.9320000000000001, 0.9708647035617125, 1.4666742886239983
0.9330000000000001, 0.9712603225962716, 1.4677479309772561
0.9340000000000001, 0.9716569128911533, 1.4688230410784451
0.9350000000000001, 0.9720544748429482, 1.4698996200026755
0.9360000000000001, 0.9724530088492180, 1.4709776688265261
0.9370000000000001, 0.9728525153084970, 1.4720571886280458
0.9380000000000001, 0.9732529946202914, 1.4731381804867545
0.9390000000000001, 0.9736544471850804, 1.4742206454836440
0.9400000000000001, 0.9740568734043167, 1.4753045847011790
0.9410000000000001, 0.9744602736804265, 1.4763899992232987
0.9420000000000001, 0.9748646484168101, 1.4774768901354181
0.9430000000000001, 0.9752699980178424, 1.4785652585244276
0.9440000000000001, 0.9756763228888728, 1.4796551054786957
0.9450000000000001, 0.9760836234362263, 1.4807464320880694
0.9460000000000001, 0.9764919000672033, 1.4818392394438753
0.9470000000000001, 0.9769011531900804, 1.4829335286389209
0.9480000000000001, 0.9773113832141108, 1.4840293007674954
0.9490000000000001, 0.9777225905495245, 1.4851265569253707
0.9500000000000001, 0.9781347756075289, 1.4862252982098032
0.9510000000000001, 0.9785479388003092, 1.4873255257195341
0.9520000000000001, 0.9789620805410284, 1.4884272405547909
0.9530000000000001, 0.9793772012438284, 1.4895304438172883
0.9540000000000001, 0.9797933013238299, 1.4906351366102295
0.9550000000000001, 0.9802103811971329, 1.4917413200383074
0.9560000000000001, 0.9806284412808174, 1.4928489952077055
0.9570000000000001, 0.9810474819929433, 1.4939581632260992
0.9580000000000001, 0.9814675037525514, 1.4950688252026563
0.9590000000000001, 0.9818885069796635, 1.4961809822480390
0.9600000000000000, 0.9823104920952827, 1.4972946354744043
0.9610000000000000, 0.9827334595213939, 1.4984097859954055
0.9620000000000000, 0.9831574096809651, 1.4995264349261928
0.9630000000000000, 0.9835823429979460, 1.5006445833834150
0.9640000000000000, 0.9840082598972700, 1.5017642324852210
0.9650000000000000, 0.9844351608048542, 1.5028853833512594
0.9660000000000000, 0.9848630461475991, 1.5040080371026816
0.9670000000000000, 0.9852919163533905, 1.5051321948621410
0.9680000000000000, 0.9857217718510984, 1.5062578577537953
0.9690000000000000, 0.9861526130705782, 1.5073850269033076
0.9700000000000000, 0.9865844404426712, 1.5085137034378469
0.9710000000000000, 0.9870172543992047, 1.5096438884860899
0.9720000000000000, 0.9874510553729929, 1.5107755831782215
0.9730000000000000, 0.9878858437978365, 1.5119087886459364
0.9740000000000000, 0.9883216201085240, 1.5130435060224401
0.9750000000000000, 0.9887583847408318, 1.5141797364424499
0.9760000000000000, 0.9891961381315246, 1.5153174810421963
0.9770000000000000, 0.9896348807183557, 1.5164567409594241
0.9780000000000000, 0.9900746129400676, 1.5175975173333929
0.9790000000000000, 0.9905153352363925, 1.5187398113048791
0.9800000000000000, 0.9909570480480526, 1.5198836240161770
0.9810000000000000, 0.9913997518167612, 1.5210289566110993
0.9820000000000000, 0.9918434469852215, 1.5221758102349785
0.9830000000000000, 0.9922881339971290, 1.5233241860346680
0.9840000000000000, 0.9927338132971707, 1.5244740851585439
0.9850000000000000, 0.9931804853310259, 1.5256255087565049
0.9860000000000000, 0.9936281505453666, 1.5267784579799750
0.9870000000000000, 0.9940768093878579, 1.5279329339819034
0.9880000000000000, 0.9945264623071588, 1.5290889379167663
0.9890000000000000, 0.9949771097529221, 1.5302464709405672
0.9900000000000000, 0.9954287521757952, 1.5314055342108395
0.9910000000000000, 0.9958813900274205, 1.5325661288866461
0.9920000000000000, 0.9963350237604361, 1.5337282561285819
0.9930000000000000, 0.9967896538284757, 1.5348919170987740
0.9940000000000000, 0.9972452806861692, 1.5360571129608833
0.9950000000000000, 0.9977019047891436, 1.5372238448801057
0.9960000000000000, 0.9981595265940229, 1.5383921140231731
0.9970000000000000, 0.9986181465584288, 1.5395619215583547
0.9980000000000000, 0.9990777651409815, 1.5407332686554582
0.9990000000000000, 0.9995383828012993, 1.5419061564858307
1.0000000000000000, 1.0000000000000000, 1.0000000000000000
