0 0.9995376
0.001 0.99907619
0.002 0.99861579
0.003 0.99815638
0.004 0.99769797
0.005 0.99724056
0.006 0.99678415
0.007 0.99632874
0.008 0.99587432
0.009 0.99542089
0.01 0.99496846
0.011 0.99451703
0.012 0.99406659
0.013 0.99361715
0.014 0.99316869
0.015 0.99272124
0.016 0.99227477
0.017 0.9918293
0.018 0.99138482
0.019 0.99094133
0.02 0.99049883
0.021 0.99005732
0.022 0.9896168
0.023 0.98917727
0.024 0.98873873
0.025 0.98830118
0.026 0.98786462
0.027 0.98742904
0.028 0.98699445
0.029 0.98656085
0.03 0.98612824
0.031 0.98569661
0.032 0.98526597
0.033 0.98483631
0.034 0.98440764
0.035 0.98397995
0.036 0.98355325
0.037 0.98312753
0.038 0.98270279
0.039 0.98227904
0.04 0.98185627
0.041 0.98143448
0.042 0.98101367
0.043 0.98059384
0.044 0.980175
0.045 0.97975713
0.046 0.97934024
0.047 0.97892433
0.048 0.97850941
0.049 0.97809546
0.05 0.97768248
0.051 0.97727049
0.052 0.97685947
0.053 0.97644943
0.054 0.97604037
0.055 0.97563228
0.056 0.97522517
0.057 0.97481903
0.058 0.97441387
0.059 0.97400968
0.06 0.97360647
0.061 0.97320423
0.062 0.97280296
0.063 0.97240267
0.064 0.97200334
0.065 0.97160499
0.066 0.97120762
0.067 0.97081121
0.068 0.97041577
0.069 0.97002131
0.07 0.96962781
0.071 0.96923529
0.072 0.96884373
0.073 0.96845314
0.074 0.96806352
0.075 0.96767487
0.076 0.96728719
0.077 0.96690047
0.078 0.96651472
0.079 0.96612994
0.08 0.96574612
0.081 0.96536327
0.082 0.96498138
0.083 0.96460046
0.084 0.96422051
0.085 0.96384151
0.086 0.96346349
0.087 0.96308642
0.088 0.96271032
0.089 0.96233518
0.09 0.961961
0.091 0.96158779
0.092 0.96121554
0.093 0.96084424
0.094 0.96047391
0.095 0.96010454
0.096 0.95973613
0.097 0.95936868
0.098 0.95900219
0.099 0.95863666
0.1 0.95827208
0.101 0.95790847
0.102 0.95754581
0.103 0.95718411
0.104 0.95682337
0.105 0.95646358
0.106 0.95610475
0.107 0.95574688
0.108 0.95538996
0.109 0.955034
0.11 0.95467899
0.111 0.95432494
0.112 0.95397184
0.113 0.9536197
0.114 0.95326851
0.115 0.95291827
0.116 0.95256899
0.117 0.95222065
0.118 0.95187327
0.119 0.95152685
0.12 0.95118137
0.121 0.95083685
0.122 0.95049327
0.123 0.95015065
0.124 0.94980897
0.125 0.94946825
0.126 0.94912848
0.127 0.94878965
0.128 0.94845177
0.129 0.94811485
0.13 0.94777887
0.131 0.94744383
0.132 0.94710975
0.133 0.94677661
0.134 0.94644442
0.135 0.94611318
0.136 0.94578288
0.137 0.94545353
0.138 0.94512512
0.139 0.94479766
0.14 0.94447114
0.141 0.94414557
0.142 0.94382094
0.143 0.94349726
0.144 0.94317452
0.145 0.94285272
0.146 0.94253186
0.147 0.94221195
0.148 0.94189298
0.149 0.94157495
0.15 0.94125786
0.151 0.94094172
0.152 0.94062651
0.153 0.94031225
0.154 0.93999893
0.155 0.93968654
0.156 0.9393751
0.157 0.93906459
0.158 0.93875503
0.159 0.9384464
0.16 0.93813871
0.161 0.93783196
0.162 0.93752615
0.163 0.93722128
0.164 0.93691734
0.165 0.93661434
0.166 0.93631227
0.167 0.93601115
0.168 0.93571096
0.169 0.9354117
0.17 0.93511338
0.171 0.93481599
0.172 0.93451954
0.173 0.93422403
0.174 0.93392944
0.175 0.9336358
0.176 0.93334308
0.177 0.9330513
0.178 0.93276045
0.179 0.93247054
0.18 0.93218155
0.181 0.9318935
0.182 0.93160639
0.183 0.9313202
0.184 0.93103494
0.185 0.93075062
0.186 0.93046722
0.187 0.93018476
0.188 0.92990323
0.189 0.92962262
0.19 0.92934295
0.191 0.92906421
0.192 0.92878639
0.193 0.9285095
0.194 0.92823355
0.195 0.92795852
0.196 0.92768441
0.197 0.92741124
0.198 0.92713899
0.199 0.92686767
0.2 0.92659728
0.201 0.92632781
0.202 0.92605927
0.203 0.92579166
0.204 0.92552497
0.205 0.92525921
0.206 0.92499437
0.207 0.92473046
0.208 0.92446747
0.209 0.92420541
0.21 0.92394427
0.211 0.92368406
0.212 0.92342476
0.213 0.9231664
0.214 0.92290895
0.215 0.92265243
0.216 0.92239683
0.217 0.92214215
0.218 0.9218884
0.219 0.92163557
0.22 0.92138366
0.221 0.92113267
0.222 0.9208826
0.223 0.92063345
0.224 0.92038522
0.225 0.92013792
0.226 0.91989153
0.227 0.91964606
0.228 0.91940152
0.229 0.91915789
0.23 0.91891518
0.231 0.91867339
0.232 0.91843252
0.233 0.91819257
0.234 0.91795354
0.235 0.91771542
0.236 0.91747822
0.237 0.91724194
0.238 0.91700658
0.239 0.91677213
0.24 0.9165386
0.241 0.91630599
0.242 0.91607429
0.243 0.91584351
0.244 0.91561364
0.245 0.91538469
0.246 0.91515666
0.247 0.91492954
0.248 0.91470334
0.249 0.91447805
0.25 0.91425367
0.251 0.91403021
0.252 0.91380766
0.253 0.91358603
0.254 0.91336531
0.255 0.91314551
0.256 0.91292661
0.257 0.91270863
0.258 0.91249157
0.259 0.91227541
0.26 0.91206017
0.261 0.91184584
0.262 0.91163242
0.263 0.91141991
0.264 0.91120832
0.265 0.91099763
0.266 0.91078786
0.267 0.910579
0.268 0.91037105
0.269 0.91016401
0.27 0.90995787
0.271 0.90975265
0.272 0.90954834
0.273 0.90934494
0.274 0.90914245
0.275 0.90894086
0.276 0.90874019
0.277 0.90854042
0.278 0.90834157
0.279 0.90814362
0.28 0.90794658
0.281 0.90775044
0.282 0.90755522
0.283 0.9073609
0.284 0.90716749
0.285 0.90697499
0.286 0.90678339
0.287 0.9065927
0.288 0.90640292
0.289 0.90621404
0.29 0.90602607
0.291 0.90583901
0.292 0.90565285
0.293 0.9054676
0.294 0.90528325
0.295 0.90509981
0.296 0.90491727
0.297 0.90473564
0.298 0.90455491
0.299 0.90437509
0.3 0.90419617
0.301 0.90401816
0.302 0.90384105
0.303 0.90366484
0.304 0.90348954
0.305 0.90331514
0.306 0.90314165
0.307 0.90296905
0.308 0.90279736
0.309 0.90262658
0.31 0.90245669
0.311 0.90228771
0.312 0.90211963
0.313 0.90195245
0.314 0.90178618
0.315 0.90162081
0.316 0.90145633
0.317 0.90129276
0.318 0.90113009
0.319 0.90096833
0.32 0.90080746
0.321 0.90064749
0.322 0.90048843
0.323 0.90033026
0.324 0.900173
0.325 0.90001663
0.326 0.89986117
0.327 0.8997066
0.328 0.89955294
0.329 0.89940017
0.33 0.89924831
0.331 0.89909734
0.332 0.89894727
0.333 0.8987981
0.334 0.89864984
0.335 0.89850246
0.336 0.89835599
0.337 0.89821042
0.338 0.89806574
0.339 0.89792196
0.34 0.89777908
0.341 0.8976371
0.342 0.89749601
0.343 0.89735583
0.344 0.89721654
0.345 0.89707814
0.346 0.89694065
0.347 0.89680405
0.348 0.89666835
0.349 0.89653354
0.35 0.89639963
0.351 0.89626662
0.352 0.89613451
0.353 0.89600329
0.354 0.89587296
0.355 0.89574353
0.356 0.895615
0.357 0.89548737
0.358 0.89536062
0.359 0.89523478
0.36 0.89510983
0.361 0.89498577
0.362 0.89486261
0.363 0.89474035
0.364 0.89461898
0.365 0.8944985
0.366 0.89437892
0.367 0.89426023
0.368 0.89414244
0.369 0.89402554
0.37 0.89390953
0.371 0.89379442
0.372 0.8936802
0.373 0.89356688
0.374 0.89345445
0.375 0.89334291
0.376 0.89323227
0.377 0.89312252
0.378 0.89301366
0.379 0.8929057
0.38 0.89279863
0.381 0.89269245
0.382 0.89258717
0.383 0.89248277
0.384 0.89237927
0.385 0.89227666
0.386 0.89217495
0.387 0.89207413
0.388 0.89197419
0.389 0.89187515
0.39 0.89177701
0.391 0.89167975
0.392 0.89158339
0.393 0.89148791
0.394 0.89139333
0.395 0.89129964
0.396 0.89120685
0.397 0.89111494
0.398 0.89102392
0.399 0.8909338
0.4 0.89084456
0.401 0.89075622
0.402 0.89066877
0.403 0.89058221
0.404 0.89049653
0.405 0.89041175
0.406 0.89032786
0.407 0.89024486
0.408 0.89016275
0.409 0.89008153
0.41 0.8900012
0.411 0.88992176
0.412 0.88984321
0.413 0.88976555
0.414 0.88968878
0.415 0.8896129
0.416 0.88953791
0.417 0.88946381
0.418 0.8893906
0.419 0.88931828
0.42 0.88924685
0.421 0.8891763
0.422 0.88910665
0.423 0.88903788
0.424 0.88897001
0.425 0.88890302
0.426 0.88883692
0.427 0.88877171
0.428 0.88870739
0.429 0.88864396
0.43 0.88858141
0.431 0.88851976
0.432 0.88845899
0.433 0.88839911
0.434 0.88834012
0.435 0.88828202
0.436 0.88822481
0.437 0.88816848
0.438 0.88811305
0.439 0.8880585
0.44 0.88800484
0.441 0.88795207
0.442 0.88790018
0.443 0.88784919
0.444 0.88779908
0.445 0.88774986
0.446 0.88770152
0.447 0.88765408
0.448 0.88760752
0.449 0.88756185
0.45 0.88751707
0.451 0.88747317
0.452 0.88743016
0.453 0.88738804
0.454 0.88734681
0.455 0.88730646
0.456 0.88726701
0.457 0.88722844
0.458 0.88719075
0.459 0.88715396
0.46 0.88711805
0.461 0.88708302
0.462 0.88704889
0.463 0.88701564
0.464 0.88698328
0.465 0.88695181
0.466 0.88692122
0.467 0.88689152
0.468 0.8868627
0.469 0.88683478
0.47 0.88680774
0.471 0.88678159
0.472 0.88675632
0.473 0.88673194
0.474 0.88670845
0.475 0.88668584
0.476 0.88666412
0.477 0.88664329
0.478 0.88662334
0.479 0.88660428
0.48 0.88658611
0.481 0.88656883
0.482 0.88655243
0.483 0.88653691
0.484 0.88652229
0.485 0.88650855
0.486 0.88649569
0.487 0.88648373
0.488 0.88647265
0.489 0.88646245
0.49 0.88645315
0.491 0.88644472
0.492 0.88643719
0.493 0.88643054
0.494 0.88642478
0.495 0.8864199
0.496 0.88641592
0.497 0.88641281
0.498 0.8864106
0.499 0.88640927
0.5 0.88640882
0.501 0.88640927
0.502 0.8864106
0.503 0.88641281
0.504 0.88641592
0.505 0.8864199
0.506 0.88642478
0.507 0.88643054
0.508 0.88643719
0.509 0.88644472
0.51 0.88645315
0.511 0.88646245
0.512 0.88647265
0.513 0.88648373
0.514 0.88649569
0.515 0.88650855
0.516 0.88652229
0.517 0.88653691
0.518 0.88655243
0.519 0.88656883
0.52 0.88658611
0.521 0.88660428
0.522 0.88662334
0.523 0.88664329
0.524 0.88666412
0.525 0.88668584
0.526 0.88670845
0.527 0.88673194
0.528 0.88675632
0.529 0.88678159
0.53 0.88680774
0.531 0.88683478
0.532 0.8868627
0.533 0.88689152
0.534 0.88692122
0.535 0.88695181
0.536 0.88698328
0.537 0.88701564
0.538 0.88704889
0.539 0.88708302
0.54 0.88711805
0.541 0.88715396
0.542 0.88719075
0.543 0.88722844
0.544 0.88726701
0.545 0.88730646
0.546 0.88734681
0.547 0.88738804
0.548 0.88743016
0.549 0.88747317
0.55 0.88751707
0.551 0.88756185
0.552 0.88760752
0.553 0.88765408
0.554 0.88770152
0.555 0.88774986
0.556 0.88779908
0.557 0.88784919
0.558 0.88790018
0.559 0.88795207
0.56 0.88800484
0.561 0.8880585
0.562 0.88811305
0.563 0.88816848
0.564 0.88822481
0.565 0.88828202
0.566 0.88834012
0.567 0.88839911
0.568 0.88845899
0.569 0.88851976
0.57 0.88858141
0.571 0.88864396
0.572 0.88870739
0.573 0.88877171
0.574 0.88883692
0.575 0.88890302
0.576 0.88897001
0.577 0.88903788
0.578 0.88910665
0.579 0.8891763
0.58 0.88924685
0.581 0.88931828
0.582 0.8893906
0.583 0.88946381
0.584 0.88953791
0.585 0.8896129
0.586 0.88968878
0.587 0.88976555
0.588 0.88984321
0.589 0.88992176
0.59 0.8900012
0.591 0.89008153
0.592 0.89016275
0.593 0.89024486
0.594 0.89032786
0.595 0.89041175
0.596 0.89049653
0.597 0.89058221
0.598 0.89066877
0.599 0.89075622
0.6 0.89084456
0.601 0.8909338
0.602 0.89102392
0.603 0.89111494
0.604 0.89120685
0.605 0.89129964
0.606 0.89139333
0.607 0.89148791
0.608 0.89158339
0.609 0.89167975
0.61 0.89177701
0.611 0.89187515
0.612 0.89197419
0.613 0.89207413
0.614 0.89217495
0.615 0.89227666
0.616 0.89237927
0.617 0.89248277
0.618 0.89258717
0.619 0.89269245
0.62 0.89279863
0.621 0.8929057
0.622 0.89301366
0.623 0.89312252
0.624 0.89323227
0.625 0.89334291
0.626 0.89345445
0.627 0.89356688
0.628 0.8936802
0.629 0.89379442
0.63 0.89390953
0.631 0.89402554
0.632 0.89414244
0.633 0.89426023
0.634 0.89437892
0.635 0.8944985
0.636 0.89461898
0.637 0.89474035
0.638 0.89486261
0.639 0.89498577
0.64 0.89510983
0.641 0.89523478
0.642 0.89536062
0.643 0.89548737
0.644 0.895615
0.645 0.89574353
0.646 0.89587296
0.647 0.89600329
0.648 0.89613451
0.649 0.89626662
0.65 0.89639963
0.651 0.89653354
0.652 0.89666835
0.653 0.89680405
0.654 0.89694065
0.655 0.89707814
0.656 0.89721654
0.657 0.89735583
0.658 0.89749601
0.659 0.8976371
0.66 0.89777908
0.661 0.89792196
0.662 0.89806574
0.663 0.89821042
0.664 0.89835599
0.665 0.89850246
0.666 0.89864984
0.667 0.8987981
0.668 0.89894727
0.669 0.89909734
0.67 0.89924831
0.671 0.89940017
0.672 0.89955294
0.673 0.8997066
0.674 0.89986117
0.675 0.90001663
0.676 0.900173
0.677 0.90033026
0.678 0.90048843
0.679 0.90064749
0.68 0.90080746
0.681 0.90096833
0.682 0.90113009
0.683 0.90129276
0.684 0.90145633
0.685 0.90162081
0.686 0.90178618
0.687 0.90195245
0.688 0.90211963
0.689 0.90228771
0.69 0.90245669
0.691 0.90262658
0.692 0.90279736
0.693 0.90296905
0.694 0.90314165
0.695 0.90331514
0.696 0.90348954
0.697 0.90366484
0.698 0.90384105
0.699 0.90401816
0.7 0.90419617
0.701 0.90437509
0.702 0.90455491
0.703 0.90473564
0.704 0.90491727
0.705 0.90509981
0.706 0.90528325
0.707 0.9054676
0.708 0.90565285
0.709 0.90583901
0.71 0.90602607
0.711 0.90621404
0.712 0.90640292
0.713 0.9065927
0.714 0.90678339
0.715 0.90697499
0.716 0.90716749
0.717 0.9073609
0.718 0.90755522
0.719 0.90775044
0.72 0.90794658
0.721 0.90814362
0.722 0.90834157
0.723 0.90854042
0.724 0.90874019
0.725 0.90894086
0.726 0.90914245
0.727 0.90934494
0.728 0.90954834
0.729 0.90975265
0.73 0.90995787
0.731 0.91016401
0.732 0.91037105
0.733 0.910579
0.734 0.91078786
0.735 0.91099763
0.736 0.91120832
0.737 0.91141991
0.738 0.91163242
0.739 0.91184584
0.74 0.91206017
0.741 0.91227541
0.742 0.91249157
0.743 0.91270863
0.744 0.91292661
0.745 0.91314551
0.746 0.91336531
0.747 0.91358603
0.748 0.91380766
0.749 0.91403021
0.75 0.91425367
0.751 0.91447805
0.752 0.91470334
0.753 0.91492954
0.754 0.91515666
0.755 0.91538469
0.756 0.91561364
0.757 0.91584351
0.758 0.91607429
0.759 0.91630599
0.76 0.9165386
0.761 0.91677213
0.762 0.91700658
0.763 0.91724194
0.764 0.91747822
0.765 0.91771542
0.766 0.91795354
0.767 0.91819257
0.768 0.91843252
0.769 0.91867339
0.77 0.91891518
0.771 0.91915789
0.772 0.91940152
0.773 0.91964606
0.774 0.91989153
0.775 0.92013792
0.776 0.92038522
0.777 0.92063345
0.778 0.9208826
0.779 0.92113267
0.78 0.92138366
0.781 0.92163557
0.782 0.9218884
0.783 0.92214215
0.784 0.92239683
0.785 0.92265243
0.786 0.92290895
0.787 0.9231664
0.788 0.92342476
0.789 0.92368406
0.79 0.92394427
0.791 0.92420541
0.792 0.92446747
0.793 0.92473046
0.794 0.92499437
0.795 0.92525921
0.796 0.92552497
0.797 0.92579166
0.798 0.92605927
0.799 0.92632781
0.8 0.92659728
0.801 0.92686767
0.802 0.92713899
0.803 0.92741124
0.804 0.92768441
0.805 0.92795852
0.806 0.92823355
0.807 0.9285095
0.808 0.92878639
0.809 0.92906421
0.81 0.92934295
0.811 0.92962262
0.812 0.92990323
0.813 0.93018476
0.814 0.93046722
0.815 0.93075062
0.816 0.93103494
0.817 0.9313202
0.818 0.93160639
0.819 0.9318935
0.82 0.93218155
0.821 0.93247054
0.822 0.93276045
0.823 0.9330513
0.824 0.93334308
0.825 0.9336358
0.826 0.93392944
0.827 0.93422403
0.828 0.93451954
0.829 0.93481599
0.83 0.93511338
0.831 0.9354117
0.832 0.93571096
0.833 0.93601115
0.834 0.93631227
0.835 0.93661434
0.836 0.93691734
0.837 0.93722128
0.838 0.93752615
0.839 0.93783196
0.84 0.93813871
0.841 0.9384464
0.842 0.93875503
0.843 0.93906459
0.844 0.9393751
0.845 0.93968654
0.846 0.93999893
0.847 0.94031225
0.848 0.94062651
0.849 0.94094172
0.85 0.94125786
0.851 0.94157495
0.852 0.94189298
0.853 0.94221195
0.854 0.94253186
0.855 0.94285272
0.856 0.94317452
0.857 0.94349726
0.858 0.94382094
0.859 0.94414557
0.86 0.94447114
0.861 0.94479766
0.862 0.94512512
0.863 0.94545353
0.864 0.94578288
0.865 0.94611318
0.866 0.94644442
0.867 0.94677661
0.868 0.94710975
0.869 0.94744383
0.87 0.94777887
0.871 0.94811485
0.872 0.94845177
0.873 0.94878965
0.874 0.94912848
0.875 0.94946825
0.876 0.94980897
0.877 0.95015065
0.878 0.95049327
0.879 0.95083685
0.88 0.95118137
0.881 0.95152685
0.882 0.95187327
0.883 0.95222065
0.884 0.95256899
0.885 0.95291827
0.886 0.95326851
0.887 0.9536197
0.888 0.95397184
0.889 0.95432494
0.89 0.95467899
0.891 0.955034
0.892 0.95538996
0.893 0.95574688
0.894 0.95610475
0.895 0.95646358
0.896 0.95682337
0.897 0.95718411
0.898 0.95754581
0.899 0.95790847
0.9 0.95827208
0.901 0.95863666
0.902 0.95900219
0.903 0.95936868
0.904 0.95973613
0.905 0.96010454
0.906 0.96047391
0.907 0.96084424
0.908 0.96121554
0.909 0.96158779
0.91 0.961961
0.911 0.96233518
0.912 0.96271032
0.913 0.96308642
0.914 0.96346349
0.915 0.96384151
0.916 0.96422051
0.917 0.96460046
0.918 0.96498138
0.919 0.96536327
0.92 0.96574612
0.921 0.96612994
0.922 0.96651472
0.923 0.96690047
0.924 0.96728719
0.925 0.96767487
0.926 0.96806352
0.927 0.96845314
0.928 0.96884373
0.929 0.96923529
0.93 0.96962781
0.931 0.97002131
0.932 0.97041577
0.933 0.97081121
0.934 0.97120762
0.935 0.97160499
0.936 0.97200334
0.937 0.97240267
0.938 0.97280296
0.939 0.97320423
0.94 0.97360647
0.941 0.97400968
0.942 0.97441387
0.943 0.97481903
0.944 0.97522517
0.945 0.97563228
0.946 0.97604037
0.947 0.97644943
0.948 0.97685947
0.949 0.97727049
0.95 0.97768248
0.951 0.97809546
0.952 0.97850941
0.953 0.97892433
0.954 0.97934024
0.955 0.97975713
0.956 0.980175
0.957 0.98059384
0.958 0.98101367
0.959 0.98143448
0.96 0.98185627
0.961 0.98227904
0.962 0.98270279
0.963 0.98312753
0.964 0.98355325
0.965 0.98397995
0.966 0.98440764
0.967 0.98483631
0.968 0.98526597
0.969 0.98569661
0.97 0.98612824
0.971 0.98656085
0.972 0.98699445
0.973 0.98742904
0.974 0.98786462
0.975 0.98830118
0.976 0.98873873
0.977 0.98917727
0.978 0.9896168
0.979 0.99005732
0.98 0.99049883
0.981 0.99094133
0.982 0.99138482
0.983 0.9918293
0.984 0.99227477
0.985 0.99272124
0.986 0.99316869
0.987 0.99361715
0.988 0.99406659
0.989 0.99451703
0.99 0.99496846
0.991 0.99542089
0.992 0.99587432
0.993 0.99632874
0.994 0.99678415
0.995 0.99724056
0.996 0.99769797
0.997 0.99815638
0.998 0.99861579
0.999 0.99907619
1 0.9995376
