0 0.999538
0.001 0.999076
0.002 0.998616
0.003 0.998156
0.004 0.997698
0.005 0.997241
0.006 0.996784
0.007 0.996329
0.008 0.995874
0.009 0.995421
0.01 0.994968
0.011 0.994517
0.012 0.994067
0.013 0.993617
0.014 0.993169
0.015 0.992721
0.016 0.992275
0.017 0.991829
0.018 0.991385
0.019 0.990941
0.02 0.990499
0.021 0.990057
0.022 0.989617
0.023 0.989177
0.024 0.988739
0.025 0.988301
0.026 0.987865
0.027 0.987429
0.028 0.986994
0.029 0.986561
0.03 0.986128
0.031 0.985697
0.032 0.985266
0.033 0.984836
0.034 0.984408
0.035 0.98398
0.036 0.983553
0.037 0.983128
0.038 0.982703
0.039 0.982279
0.04 0.981856
0.041 0.981434
0.042 0.981014
0.043 0.980594
0.044 0.980175
0.045 0.979757
0.046 0.97934
0.047 0.978924
0.048 0.978509
0.049 0.978095
0.05 0.977682
0.051 0.97727
0.052 0.976859
0.053 0.976449
0.054 0.97604
0.055 0.975632
0.056 0.975225
0.057 0.974819
0.058 0.974414
0.059 0.97401
0.06 0.973606
0.061 0.973204
0.062 0.972803
0.063 0.972403
0.064 0.972003
0.065 0.971605
0.066 0.971208
0.067 0.970811
0.068 0.970416
0.069 0.970021
0.07 0.969628
0.071 0.969235
0.072 0.968844
0.073 0.968453
0.074 0.968064
0.075 0.967675
0.076 0.967287
0.077 0.9669
0.078 0.966515
0.079 0.96613
0.08 0.965746
0.081 0.965363
0.082 0.964981
0.083 0.9646
0.084 0.964221
0.085 0.963842
0.086 0.963463
0.087 0.963086
0.088 0.96271
0.089 0.962335
0.09 0.961961
0.091 0.961588
0.092 0.961216
0.093 0.960844
0.094 0.960474
0.095 0.960105
0.096 0.959736
0.097 0.959369
0.098 0.959002
0.099 0.958637
0.1 0.958272
0.101 0.957908
0.102 0.957546
0.103 0.957184
0.104 0.956823
0.105 0.956464
0.106 0.956105
0.107 0.955747
0.108 0.95539
0.109 0.955034
0.11 0.954679
0.111 0.954325
0.112 0.953972
0.113 0.95362
0.114 0.953269
0.115 0.952918
0.116 0.952569
0.117 0.952221
0.118 0.951873
0.119 0.951527
0.12 0.951181
0.121 0.950837
0.122 0.950493
0.123 0.950151
0.124 0.949809
0.125 0.949468
0.126 0.949128
0.127 0.94879
0.128 0.948452
0.129 0.948115
0.13 0.947779
0.131 0.947444
0.132 0.94711
0.133 0.946777
0.134 0.946444
0.135 0.946113
0.136 0.945783
0.137 0.945454
0.138 0.945125
0.139 0.944798
0.14 0.944471
0.141 0.944146
0.142 0.943821
0.143 0.943497
0.144 0.943175
0.145 0.942853
0.146 0.942532
0.147 0.942212
0.148 0.941893
0.149 0.941575
0.15 0.941258
0.151 0.940942
0.152 0.940627
0.153 0.940312
0.154 0.939999
0.155 0.939687
0.156 0.939375
0.157 0.939065
0.158 0.938755
0.159 0.938446
0.16 0.938139
0.161 0.937832
0.162 0.937526
0.163 0.937221
0.164 0.936917
0.165 0.936614
0.166 0.936312
0.167 0.936011
0.168 0.935711
0.169 0.935412
0.17 0.935113
0.171 0.934816
0.172 0.93452
0.173 0.934224
0.174 0.933929
0.175 0.933636
0.176 0.933343
0.177 0.933051
0.178 0.93276
0.179 0.932471
0.18 0.932182
0.181 0.931894
0.182 0.931606
0.183 0.93132
0.184 0.931035
0.185 0.930751
0.186 0.930467
0.187 0.930185
0.188 0.929903
0.189 0.929623
0.19 0.929343
0.191 0.929064
0.192 0.928786
0.193 0.92851
0.194 0.928234
0.195 0.927959
0.196 0.927684
0.197 0.927411
0.198 0.927139
0.199 0.926868
0.2 0.926597
0.201 0.926328
0.202 0.926059
0.203 0.925792
0.204 0.925525
0.205 0.925259
0.206 0.924994
0.207 0.92473
0.208 0.924467
0.209 0.924205
0.21 0.923944
0.211 0.923684
0.212 0.923425
0.213 0.923166
0.214 0.922909
0.215 0.922652
0.216 0.922397
0.217 0.922142
0.218 0.921888
0.219 0.921636
0.22 0.921384
0.221 0.921133
0.222 0.920883
0.223 0.920633
0.224 0.920385
0.225 0.920138
0.226 0.919892
0.227 0.919646
0.228 0.919402
0.229 0.919158
0.23 0.918915
0.231 0.918673
0.232 0.918433
0.233 0.918193
0.234 0.917954
0.235 0.917715
0.236 0.917478
0.237 0.917242
0.238 0.917007
0.239 0.916772
0.24 0.916539
0.241 0.916306
0.242 0.916074
0.243 0.915844
0.244 0.915614
0.245 0.915385
0.246 0.915157
0.247 0.91493
0.248 0.914703
0.249 0.914478
0.25 0.914254
0.251 0.91403
0.252 0.913808
0.253 0.913586
0.254 0.913365
0.255 0.913146
0.256 0.912927
0.257 0.912709
0.258 0.912492
0.259 0.912275
0.26 0.91206
0.261 0.911846
0.262 0.911632
0.263 0.91142
0.264 0.911208
0.265 0.910998
0.266 0.910788
0.267 0.910579
0.268 0.910371
0.269 0.910164
0.27 0.909958
0.271 0.909753
0.272 0.909548
0.273 0.909345
0.274 0.909142
0.275 0.908941
0.276 0.90874
0.277 0.90854
0.278 0.908342
0.279 0.908144
0.28 0.907947
0.281 0.90775
0.282 0.907555
0.283 0.907361
0.284 0.907167
0.285 0.906975
0.286 0.906783
0.287 0.906593
0.288 0.906403
0.289 0.906214
0.29 0.906026
0.291 0.905839
0.292 0.905653
0.293 0.905468
0.294 0.905283
0.295 0.9051
0.296 0.904917
0.297 0.904736
0.298 0.904555
0.299 0.904375
0.3 0.904196
0.301 0.904018
0.302 0.903841
0.303 0.903665
0.304 0.90349
0.305 0.903315
0.306 0.903142
0.307 0.902969
0.308 0.902797
0.309 0.902627
0.31 0.902457
0.311 0.902288
0.312 0.90212
0.313 0.901952
0.314 0.901786
0.315 0.901621
0.316 0.901456
0.317 0.901293
0.318 0.90113
0.319 0.900968
0.32 0.900807
0.321 0.900647
0.322 0.900488
0.323 0.90033
0.324 0.900173
0.325 0.900017
0.326 0.899861
0.327 0.899707
0.328 0.899553
0.329 0.8994
0.33 0.899248
0.331 0.899097
0.332 0.898947
0.333 0.898798
0.334 0.89865
0.335 0.898502
0.336 0.898356
0.337 0.89821
0.338 0.898066
0.339 0.897922
0.34 0.897779
0.341 0.897637
0.342 0.897496
0.343 0.897356
0.344 0.897217
0.345 0.897078
0.346 0.896941
0.347 0.896804
0.348 0.896668
0.349 0.896534
0.35 0.8964
0.351 0.896267
0.352 0.896135
0.353 0.896003
0.354 0.895873
0.355 0.895744
0.356 0.895615
0.357 0.895487
0.358 0.895361
0.359 0.895235
0.36 0.89511
0.361 0.894986
0.362 0.894863
0.363 0.89474
0.364 0.894619
0.365 0.894498
0.366 0.894379
0.367 0.89426
0.368 0.894142
0.369 0.894026
0.37 0.89391
0.371 0.893794
0.372 0.89368
0.373 0.893567
0.374 0.893454
0.375 0.893343
0.376 0.893232
0.377 0.893123
0.378 0.893014
0.379 0.892906
0.38 0.892799
0.381 0.892692
0.382 0.892587
0.383 0.892483
0.384 0.892379
0.385 0.892277
0.386 0.892175
0.387 0.892074
0.388 0.891974
0.389 0.891875
0.39 0.891777
0.391 0.89168
0.392 0.891583
0.393 0.891488
0.394 0.891393
0.395 0.8913
0.396 0.891207
0.397 0.891115
0.398 0.891024
0.399 0.890934
0.4 0.890845
0.401 0.890756
0.402 0.890669
0.403 0.890582
0.404 0.890497
0.405 0.890412
0.406 0.890328
0.407 0.890245
0.408 0.890163
0.409 0.890082
0.41 0.890001
0.411 0.889922
0.412 0.889843
0.413 0.889766
0.414 0.889689
0.415 0.889613
0.416 0.889538
0.417 0.889464
0.418 0.889391
0.419 0.889318
0.42 0.889247
0.421 0.889176
0.422 0.889107
0.423 0.889038
0.424 0.88897
0.425 0.888903
0.426 0.888837
0.427 0.888772
0.428 0.888707
0.429 0.888644
0.43 0.888581
0.431 0.88852
0.432 0.888459
0.433 0.888399
0.434 0.88834
0.435 0.888282
0.436 0.888225
0.437 0.888168
0.438 0.888113
0.439 0.888058
0.44 0.888005
0.441 0.887952
0.442 0.8879
0.443 0.887849
0.444 0.887799
0.445 0.88775
0.446 0.887702
0.447 0.887654
0.448 0.887608
0.449 0.887562
0.45 0.887517
0.451 0.887473
0.452 0.88743
0.453 0.887388
0.454 0.887347
0.455 0.887306
0.456 0.887267
0.457 0.887228
0.458 0.887191
0.459 0.887154
0.46 0.887118
0.461 0.887083
0.462 0.887049
0.463 0.887016
0.464 0.886983
0.465 0.886952
0.466 0.886921
0.467 0.886892
0.468 0.886863
0.469 0.886835
0.47 0.886808
0.471 0.886782
0.472 0.886756
0.473 0.886732
0.474 0.886708
0.475 0.886686
0.476 0.886664
0.477 0.886643
0.478 0.886623
0.479 0.886604
0.48 0.886586
0.481 0.886569
0.482 0.886552
0.483 0.886537
0.484 0.886522
0.485 0.886509
0.486 0.886496
0.487 0.886484
0.488 0.886473
0.489 0.886462
0.49 0.886453
0.491 0.886445
0.492 0.886437
0.493 0.886431
0.494 0.886425
0.495 0.88642
0.496 0.886416
0.497 0.886413
0.498 0.886411
0.499 0.886409
0.5 0.886409
0.501 0.886409
0.502 0.886411
0.503 0.886413
0.504 0.886416
0.505 0.88642
0.506 0.886425
0.507 0.886431
0.508 0.886437
0.509 0.886445
0.51 0.886453
0.511 0.886462
0.512 0.886473
0.513 0.886484
0.514 0.886496
0.515 0.886509
0.516 0.886522
0.517 0.886537
0.518 0.886552
0.519 0.886569
0.52 0.886586
0.521 0.886604
0.522 0.886623
0.523 0.886643
0.524 0.886664
0.525 0.886686
0.526 0.886708
0.527 0.886732
0.528 0.886756
0.529 0.886782
0.53 0.886808
0.531 0.886835
0.532 0.886863
0.533 0.886892
0.534 0.886921
0.535 0.886952
0.536 0.886983
0.537 0.887016
0.538 0.887049
0.539 0.887083
0.54 0.887118
0.541 0.887154
0.542 0.887191
0.543 0.887228
0.544 0.887267
0.545 0.887306
0.546 0.887347
0.547 0.887388
0.548 0.88743
0.549 0.887473
0.55 0.887517
0.551 0.887562
0.552 0.887608
0.553 0.887654
0.554 0.887702
0.555 0.88775
0.556 0.887799
0.557 0.887849
0.558 0.8879
0.559 0.887952
0.56 0.888005
0.561 0.888058
0.562 0.888113
0.563 0.888168
0.564 0.888225
0.565 0.888282
0.566 0.88834
0.567 0.888399
0.568 0.888459
0.569 0.88852
0.57 0.888581
0.571 0.888644
0.572 0.888707
0.573 0.888772
0.574 0.888837
0.575 0.888903
0.576 0.88897
0.577 0.889038
0.578 0.889107
0.579 0.889176
0.58 0.889247
0.581 0.889318
0.582 0.889391
0.583 0.889464
0.584 0.889538
0.585 0.889613
0.586 0.889689
0.587 0.889766
0.588 0.889843
0.589 0.889922
0.59 0.890001
0.591 0.890082
0.592 0.890163
0.593 0.890245
0.594 0.890328
0.595 0.890412
0.596 0.890497
0.597 0.890582
0.598 0.890669
0.599 0.890756
0.6 0.890845
0.601 0.890934
0.602 0.891024
0.603 0.891115
0.604 0.891207
0.605 0.8913
0.606 0.891393
0.607 0.891488
0.608 0.891583
0.609 0.89168
0.61 0.891777
0.611 0.891875
0.612 0.891974
0.613 0.892074
0.614 0.892175
0.615 0.892277
0.616 0.892379
0.617 0.892483
0.618 0.892587
0.619 0.892692
0.62 0.892799
0.621 0.892906
0.622 0.893014
0.623 0.893123
0.624 0.893232
0.625 0.893343
0.626 0.893454
0.627 0.893567
0.628 0.89368
0.629 0.893794
0.63 0.89391
0.631 0.894026
0.632 0.894142
0.633 0.89426
0.634 0.894379
0.635 0.894498
0.636 0.894619
0.637 0.89474
0.638 0.894863
0.639 0.894986
0.64 0.89511
0.641 0.895235
0.642 0.895361
0.643 0.895487
0.644 0.895615
0.645 0.895744
0.646 0.895873
0.647 0.896003
0.648 0.896135
0.649 0.896267
0.65 0.8964
0.651 0.896534
0.652 0.896668
0.653 0.896804
0.654 0.896941
0.655 0.897078
0.656 0.897217
0.657 0.897356
0.658 0.897496
0.659 0.897637
0.66 0.897779
0.661 0.897922
0.662 0.898066
0.663 0.89821
0.664 0.898356
0.665 0.898502
0.666 0.89865
0.667 0.898798
0.668 0.898947
0.669 0.899097
0.67 0.899248
0.671 0.8994
0.672 0.899553
0.673 0.899707
0.674 0.899861
0.675 0.900017
0.676 0.900173
0.677 0.90033
0.678 0.900488
0.679 0.900647
0.68 0.900807
0.681 0.900968
0.682 0.90113
0.683 0.901293
0.684 0.901456
0.685 0.901621
0.686 0.901786
0.687 0.901952
0.688 0.90212
0.689 0.902288
0.69 0.902457
0.691 0.902627
0.692 0.902797
0.693 0.902969
0.694 0.903142
0.695 0.903315
0.696 0.90349
0.697 0.903665
0.698 0.903841
0.699 0.904018
0.7 0.904196
0.701 0.904375
0.702 0.904555
0.703 0.904736
0.704 0.904917
0.705 0.9051
0.706 0.905283
0.707 0.905468
0.708 0.905653
0.709 0.905839
0.71 0.906026
0.711 0.906214
0.712 0.906403
0.713 0.906593
0.714 0.906783
0.715 0.906975
0.716 0.907167
0.717 0.907361
0.718 0.907555
0.719 0.90775
0.72 0.907947
0.721 0.908144
0.722 0.908342
0.723 0.90854
0.724 0.90874
0.725 0.908941
0.726 0.909142
0.727 0.909345
0.728 0.909548
0.729 0.909753
0.73 0.909958
0.731 0.910164
0.732 0.910371
0.733 0.910579
0.734 0.910788
0.735 0.910998
0.736 0.911208
0.737 0.91142
0.738 0.911632
0.739 0.911846
0.74 0.91206
0.741 0.912275
0.742 0.912492
0.743 0.912709
0.744 0.912927
0.745 0.913146
0.746 0.913365
0.747 0.913586
0.748 0.913808
0.749 0.91403
0.75 0.914254
0.751 0.914478
0.752 0.914703
0.753 0.91493
0.754 0.915157
0.755 0.915385
0.756 0.915614
0.757 0.915844
0.758 0.916074
0.759 0.916306
0.76 0.916539
0.761 0.916772
0.762 0.917007
0.763 0.917242
0.764 0.917478
0.765 0.917715
0.766 0.917954
0.767 0.918193
0.768 0.918433
0.769 0.918673
0.77 0.918915
0.771 0.919158
0.772 0.919402
0.773 0.919646
0.774 0.919892
0.775 0.920138
0.776 0.920385
0.777 0.920633
0.778 0.920883
0.779 0.921133
0.78 0.921384
0.781 0.921636
0.782 0.921888
0.783 0.922142
0.784 0.922397
0.785 0.922652
0.786 0.922909
0.787 0.923166
0.788 0.923425
0.789 0.923684
0.79 0.923944
0.791 0.924205
0.792 0.924467
0.793 0.92473
0.794 0.924994
0.795 0.925259
0.796 0.925525
0.797 0.925792
0.798 0.926059
0.799 0.926328
0.8 0.926597
0.801 0.926868
0.802 0.927139
0.803 0.927411
0.804 0.927684
0.805 0.927959
0.806 0.928234
0.807 0.92851
0.808 0.928786
0.809 0.929064
0.81 0.929343
0.811 0.929623
0.812 0.929903
0.813 0.930185
0.814 0.930467
0.815 0.930751
0.816 0.931035
0.817 0.93132
0.818 0.931606
0.819 0.931894
0.82 0.932182
0.821 0.932471
0.822 0.93276
0.823 0.933051
0.824 0.933343
0.825 0.933636
0.826 0.933929
0.827 0.934224
0.828 0.93452
0.829 0.934816
0.83 0.935113
0.831 0.935412
0.832 0.935711
0.833 0.936011
0.834 0.936312
0.835 0.936614
0.836 0.936917
0.837 0.937221
0.838 0.937526
0.839 0.937832
0.84 0.938139
0.841 0.938446
0.842 0.938755
0.843 0.939065
0.844 0.939375
0.845 0.939687
0.846 0.939999
0.847 0.940312
0.848 0.940627
0.849 0.940942
0.85 0.941258
0.851 0.941575
0.852 0.941893
0.853 0.942212
0.854 0.942532
0.855 0.942853
0.856 0.943175
0.857 0.943497
0.858 0.943821
0.859 0.944146
0.86 0.944471
0.861 0.944798
0.862 0.945125
0.863 0.945454
0.864 0.945783
0.865 0.946113
0.866 0.946444
0.867 0.946777
0.868 0.94711
0.869 0.947444
0.87 0.947779
0.871 0.948115
0.872 0.948452
0.873 0.94879
0.874 0.949128
0.875 0.949468
0.876 0.949809
0.877 0.950151
0.878 0.950493
0.879 0.950837
0.88 0.951181
0.881 0.951527
0.882 0.951873
0.883 0.952221
0.884 0.952569
0.885 0.952918
0.886 0.953269
0.887 0.95362
0.888 0.953972
0.889 0.954325
0.89 0.954679
0.891 0.955034
0.892 0.95539
0.893 0.955747
0.894 0.956105
0.895 0.956464
0.896 0.956823
0.897 0.957184
0.898 0.957546
0.899 0.957908
0.9 0.958272
0.901 0.958637
0.902 0.959002
0.903 0.959369
0.904 0.959736
0.905 0.960105
0.906 0.960474
0.907 0.960844
0.908 0.961216
0.909 0.961588
0.91 0.961961
0.911 0.962335
0.912 0.96271
0.913 0.963086
0.914 0.963463
0.915 0.963842
0.916 0.964221
0.917 0.9646
0.918 0.964981
0.919 0.965363
0.92 0.965746
0.921 0.96613
0.922 0.966515
0.923 0.9669
0.924 0.967287
0.925 0.967675
0.926 0.968064
0.927 0.968453
0.928 0.968844
0.929 0.969235
0.93 0.969628
0.931 0.970021
0.932 0.970416
0.933 0.970811
0.934 0.971208
0.935 0.971605
0.936 0.972003
0.937 0.972403
0.938 0.972803
0.939 0.973204
0.94 0.973606
0.941 0.97401
0.942 0.974414
0.943 0.974819
0.944 0.975225
0.945 0.975632
0.946 0.97604
0.947 0.976449
0.948 0.976859
0.949 0.97727
0.95 0.977682
0.951 0.978095
0.952 0.978509
0.953 0.978924
0.954 0.97934
0.955 0.979757
0.956 0.980175
0.957 0.980594
0.958 0.981014
0.959 0.981434
0.96 0.981856
0.961 0.982279
0.962 0.982703
0.963 0.983128
0.964 0.983553
0.965 0.98398
0.966 0.984408
0.967 0.984836
0.968 0.985266
0.969 0.985697
0.97 0.986128
0.971 0.986561
0.972 0.986994
0.973 0.987429
0.974 0.987865
0.975 0.988301
0.976 0.988739
0.977 0.989177
0.978 0.989617
0.979 0.990057
0.98 0.990499
0.981 0.990941
0.982 0.991385
0.983 0.991829
0.984 0.992275
0.985 0.992721
0.986 0.993169
0.987 0.993617
0.988 0.994067
0.989 0.994517
0.99 0.994968
0.991 0.995421
0.992 0.995874
0.993 0.996329
0.994 0.996784
0.995 0.997241
0.996 0.997698
0.997 0.998156
0.998 0.998616
0.999 0.999076
1 0.999538
